1996.0	25136.3
1998.33	25111.5
1999.33	24048.8
2048.58	23517.7
2050.08	23308.0
2088.67	23219.9
2089.0	23100.2
2090.33	22985.7
2101.08	22935.7
2108.75	22709.3
2134.67	22619.9
2144.67	22540.8
2151.0	22493.6
2166.58	22304.5
2179.25	22120.3
2190.42	21870.6
2216.25	21742.5
2243.42	21656.8
2246.67	21429.5
2248.92	21397.9
2251.33	21382.0
2309.42	21171.5
2329.42	21049.9
2339.83	20426.7
2353.75	20423.1
2387.75	20380.0
2393.83	20365.2
2414.25	20346.8
2416.75	20295.8
2422.58	20162.8
2443.83	20083.5
2450.08	20068.3
2452.75	19858.6
2485.25	19546.7
2490.67	19514.3
2499.5	19394.9
2564.08	19249.2
2576.17	19031.3
2579.17	19010.7
2582.67	18970.8
2613.75	18176.9
2623.75	18161.9
2640.92	18018.8
2650.25	17926.9
2671.0	17708.1
2727.25	17611.8
2754.75	17462.9
2759.75	17378.2
2772.5	17322.9
2779.5	17192.1
2821.75	17141.4
2825.0	16656.7
2861.75	16618.4
2869.25	16575.5
2915.75	16571.3
2917.75	16547.8
2937.75	16258.6
2948.75	16243.6
