2693.17	30303.0
2694.17	30302.0
2716.0	30239.5
2716.42	30226.8
2722.25	30092.8
2725.75	29876.4
2735.92	29851.0
2736.75	29842.0
2739.0	29827.9
2746.92	29826.2
2748.67	29815.7
2752.33	29755.6
2770.17	29565.1
2782.25	29557.2
2797.17	29339.4
2800.42	29074.0
2817.08	29065.9
2836.42	28944.6
2845.5	28908.4
2846.5	28901.0
2848.0	28892.2
2853.67	28826.6
2854.5	28798.9
2862.83	28784.6
2865.0	28635.2
2865.25	28626.4
2868.08	28617.2
2871.42	28608.3
2874.92	28578.2
2881.42	28381.8
2881.75	28190.9
2892.5	28140.6
2901.33	27939.9
2911.58	27883.6
2917.08	27745.4
2934.17	27740.8
2945.75	27733.4
2950.42	27675.5
2951.67	27528.2
2965.17	27521.2
2977.58	27355.1
2980.83	27255.6
2990.33	27246.1
2994.17	27205.4
3000.0	26966.8
3010.33	26723.4
3018.17	26712.1
3033.25	26569.9
3048.83	26533.1
3064.42	26527.5
3069.75	26415.2
3076.42	26356.8
3085.42	26334.0
3087.92	26214.8
3099.17	26102.5
3107.58	26078.4
3123.5	26007.6
3127.33	25743.5
3132.75	25431.6
3175.0	25407.9
3189.67	25162.1
3216.33	24911.8
3222.5	24877.7
3229.42	24812.4
3250.08	24740.9
3272.0	24567.4
3273.75	24549.2
3277.92	24532.1
3278.33	24415.6
3282.67	24254.2
3294.5	24240.5
3312.75	24065.9
3320.58	23785.0
3336.58	23772.6
3348.33	23671.5
3355.5	23623.1
3373.33	23541.0
3377.25	23324.8
3379.67	23304.8
3396.08	23255.4
3397.75	23191.4
3401.42	23094.7
3417.92	23066.2
3443.75	22914.4
3465.0	22691.4
3487.75	22608.3
3490.92	22565.0
3498.33	22398.8
3504.5	22310.9
3506.58	22059.0
3532.25	21882.3
3569.17	21411.7
3571.5	21388.8
3601.17	21331.6
3608.58	21311.3
3622.17	21215.7
3626.5	21096.4
3646.83	21065.1
3654.58	21048.2
3661.17	21030.8
3661.5	20891.3
3670.33	20726.7
3691.92	20505.7
3703.0	20485.9
3738.5	20110.2
3753.0	20050.6
3771.75	19993.0
3773.0	19810.7
3797.75	19615.1
3811.25	19504.8
3829.0	19418.1
3829.75	19321.4
3832.5	19200.7
3868.25	19169.7
3874.5	18950.8
3898.0	18862.8
3923.25	18850.5
3926.25	18750.9
3946.5	18556.0
3947.75	18478.7
