3530.17	63566.7
3561.17	63032.4
3563.25	63020.0
3580.83	62986.9
3596.83	62939.9
3599.0	62916.9
3603.58	62616.8
3605.33	62604.9
3619.83	61973.3
3630.17	61641.5
3643.83	61624.9
3644.83	61506.4
3657.58	61076.0
3681.42	61041.4
3689.17	61040.0
3691.33	61031.3
3695.83	61026.6
3695.92	60652.3
3696.42	60613.9
3701.33	60341.9
3713.92	60313.5
3714.33	60154.6
3717.92	60121.8
3745.0	59981.7
3749.5	59611.7
3761.92	59331.3
3769.33	59266.9
3774.42	59223.6
3776.0	59031.4
3782.08	58900.4
3783.42	58888.3
3788.67	58857.0
3797.83	58808.4
3809.58	58762.4
3812.67	58754.0
3826.42	58246.3
3827.0	58232.6
3832.0	58092.0
3837.83	58085.8
3839.25	57889.4
3854.5	57855.3
3871.33	57847.5
3874.67	57740.2
3878.25	57714.3
3885.33	57692.0
3892.0	57581.0
3893.5	57461.9
3896.17	57383.2
3898.83	57308.7
3905.92	57076.6
3913.17	56944.4
3928.92	56933.9
3932.58	56619.9
3956.33	56551.5
3962.42	56322.1
3965.08	56244.7
3966.08	56229.6
3967.67	56055.6
3970.83	55894.2
3988.42	55828.3
3990.33	55816.3
4000.83	55381.1
4011.75	55375.2
4014.58	55310.4
4030.33	54979.0
4044.5	54975.9
4048.25	54945.0
4055.25	54829.2
4056.33	54619.1
4076.17	54511.4
4084.83	54430.3
4085.92	54050.9
4088.42	53939.8
4091.75	53453.7
4115.67	53348.8
4116.75	53299.5
4138.08	53283.2
4144.25	53251.6
4152.92	53150.0
4153.0	53021.9
4164.5	52848.5
4170.83	52659.5
4181.25	52598.6
4190.58	52569.2
4222.67	52465.7
4222.83	52363.5
4226.75	51819.4
4248.25	51685.6
4259.83	51257.3
4279.58	50351.1
4319.75	50173.6
4337.92	49677.0
4371.83	49447.4
4372.17	49295.3
4415.75	48963.8
4416.67	48446.7
4469.0	48441.6
4476.17	48429.6
4488.42	48403.5
4489.92	48366.7
4494.33	48196.4
4512.0	48077.6
4529.83	47825.1
4541.5	47675.6
4556.33	47647.5
4559.33	46834.9
4593.58	46594.6
4627.08	46378.8
4628.92	46172.1
4659.25	45625.7
4681.33	45598.7
4687.92	45401.4
4708.0	45072.2
4716.92	45014.4
4726.92	44899.3
4734.42	44700.3
4744.58	44689.2
4748.0	44226.0
4774.0	44165.9
4789.75	44117.1
4792.0	44054.8
4793.75	43983.8
4799.0	43704.9
4831.5	43426.1
4866.0	42940.9
4882.0	42865.5
4917.75	42695.2
4926.75	42588.7
4934.0	42480.4
4936.0	42318.9
4983.5	42154.8
4994.75	41976.6
5002.0	41816.6
5023.5	41645.7
5044.5	41424.1
5079.25	41286.9
5080.75	40966.1
5099.25	40959.7
5108.0	40817.7
5113.0	40494.3
5131.5	40461.9
5146.75	40323.6
5149.75	40300.9
5207.75	40022.6
