5284.75	65342.7
5284.83	65341.1
5303.0	65131.6
5313.83	65125.1
5325.33	64755.0
5340.17	64617.1
5342.83	64605.8
5357.5	64560.6
5360.75	64501.9
5361.17	64439.1
5373.58	64261.5
5382.42	64073.2
5389.5	63873.9
5392.75	63861.6
5409.08	63814.9
5428.17	63768.9
5429.5	63762.3
5434.08	63735.7
5438.0	63687.2
5446.92	63575.5
5455.75	63461.9
5458.58	63221.4
5485.25	63070.9
5486.25	63017.6
5500.17	62973.3
5506.17	62923.6
5508.58	62917.2
5510.58	62668.3
5540.67	62644.0
5540.92	62483.6
5558.0	62371.5
5568.58	62233.9
5571.25	62082.7
5584.42	61853.8
5622.25	61851.5
5622.67	61830.3
5625.42	61811.6
5629.0	61680.7
5630.08	61565.3
5638.75	61500.2
5646.92	61333.4
5648.92	61188.8
5665.08	61014.2
5687.25	60815.2
5698.58	60652.4
5713.42	60647.4
5720.33	60557.1
5722.17	60494.7
5740.83	60399.6
5745.0	60328.5
5751.92	60108.5
5770.25	60104.5
5775.67	59816.9
5783.42	59807.4
5785.83	59727.7
5807.08	59715.2
5813.08	59583.5
5829.33	59536.8
5829.92	59327.0
5835.33	59123.0
5847.17	58991.3
5859.0	58881.5
5873.42	58835.1
5882.83	58605.9
5894.0	58561.1
5899.67	58460.7
5907.92	58200.6
5935.92	58062.2
5947.83	57960.4
5958.83	57934.9
5959.25	57919.6
5959.33	57904.2
5966.83	57771.4
5967.42	57663.8
5974.67	57587.1
5991.08	57427.0
6024.42	57363.6
6030.33	57352.9
6032.0	57312.8
6035.92	57135.2
6039.75	57088.3
6044.0	56976.7
6050.5	56484.2
6050.75	56467.6
6054.67	56419.1
6068.25	56392.3
6086.25	56213.8
6099.33	56169.2
6115.75	55837.6
6136.58	55567.7
6158.33	55388.0
6168.42	55085.3
6191.0	54723.5
6201.58	54713.3
6219.83	54605.5
6220.83	54587.7
6230.67	54408.1
6247.25	54379.2
6254.25	54345.5
6260.5	53848.1
6281.08	53839.3
6316.75	53770.0
6330.67	53679.3
6332.5	53647.7
6340.75	53561.2
6346.92	53323.7
6351.83	53293.1
6355.75	53278.5
6361.83	53265.0
6365.5	53214.2
6366.17	53175.2
6374.25	53022.2
6378.75	52808.7
6387.92	52643.5
6428.0	52444.2
6431.75	52425.9
6433.67	52186.6
6451.58	52083.9
6454.92	51712.6
6471.5	51668.9
6486.42	51624.4
6492.83	51593.0
6500.67	51500.2
6511.0	51220.0
6552.5	51104.3
6565.58	51089.9
6570.17	51029.5
6574.67	50957.2
6577.58	50812.6
6587.33	50469.6
6601.42	50440.4
6606.58	50342.5
6640.58	50316.6
6646.08	50125.6
6650.92	50026.1
6665.25	49953.2
6671.33	49879.4
6682.08	49555.6
6684.75	49482.4
6694.33	49182.1
6718.58	49118.6
6730.33	49067.8
6743.42	48875.3
6753.17	48716.2
6773.75	48703.8
6782.17	48639.8
6785.92	48618.9
6790.58	48217.3
6797.08	48151.3
6821.25	47800.2
6839.92	47786.3
6849.58	47544.2
6868.67	47407.0
6874.58	47370.1
6875.92	47143.7
6892.25	46945.0
6934.67	46845.0
6936.67	46744.9
6957.75	46546.8
6963.92	46477.9
6971.67	46279.7
6997.17	46272.0
7001.58	46061.8
7018.75	46021.8
7031.5	45543.5
7042.92	45405.5
7054.17	45231.8
7085.42	45085.2
7089.58	44892.7
7100.67	44622.6
7126.67	44614.3
7143.67	44580.3
7151.42	44562.9
7164.83	44387.3
7170.08	44364.6
7173.75	44315.8
7189.5	44095.9
7192.5	44029.0
7238.0	43901.1
7248.75	43747.7
7256.0	43324.7
7276.75	43268.9
7286.25	43073.4
7297.5	42764.8
7335.5	42669.6
7366.75	42245.8
7386.0	42232.0
7396.0	42072.5
7399.0	42050.3
7407.0	42007.1
7421.0	41776.3
7466.0	41751.0
7466.5	41679.0
7471.0	41608.8
7486.0	41275.6
7498.0	41159.5
7525.5	41148.6
7536.25	41129.3
7537.75	41080.7
7548.25	40936.6
7554.75	40890.0
7584.25	40730.2
7594.5	40710.4
7596.0	40333.6
7618.75	40243.4
7629.5	40172.4
7656.25	40109.4
7665.25	40063.0
7696.0	39924.0
7702.25	39798.5
7719.25	39781.3
7730.25	39761.0
7744.75	39613.2
7760.25	39568.9
