1281.83	11413.9
1282.08	11182.6
1292.58	11166.8
1297.33	11164.2
1305.17	11111.1
1310.42	11101.5
1324.17	10884.3
1330.33	10855.3
1330.42	10770.7
1333.67	10762.5
1362.25	10749.9
1363.0	10701.1
1366.67	10639.9
1369.75	10619.7
1374.17	10600.0
1375.75	10567.4
1382.42	10453.8
1394.5	10425.8
1395.33	10405.7
1404.58	10375.9
1408.08	10367.1
1412.08	10278.1
1422.58	10257.5
1424.83	10225.6
1426.83	10164.7
1446.58	9921.47
1460.58	9876.47
1466.42	9778.49
1474.08	9740.31
1488.67	9705.07
1492.25	9650.16
1497.08	9526.62
1516.08	9341.73
1548.58	9279.25
1550.75	9210.09
1554.75	9193.23
1565.08	9147.51
1567.75	8944.23
1574.33	8927.63
1586.67	8893.5
1596.67	8840.36
1597.33	8806.04
1599.33	8719.1
1611.33	8668.48
1626.08	8633.49
1629.33	8531.75
1632.67	8386.61
1641.08	8368.6
1659.92	8292.47
1667.92	8254.83
1670.58	7980.69
1681.75	7962.5
1701.5	7842.96
1725.67	7834.31
1759.42	7830.45
1765.17	7812.58
1768.5	7740.37
1774.25	7653.61
1789.0	7462.8
1792.5	7441.98
1829.75	7346.94
1831.75	7253.7
1841.5	7185.6
1857.0	7093.6
1868.5	7073.62
