1017.33	5812.73
1018.17	5809.3
1019.42	5808.3
1020.58	5805.21
1021.92	5801.41
1023.67	5795.36
1025.67	5791.66
1031.08	5739.4
1039.42	5708.54
1044.42	5705.07
1045.25	5700.55
1047.33	5696.35
1050.08	5685.67
1051.33	5649.12
1051.92	5643.5
1056.83	5638.95
1057.5	5610.86
1071.08	5598.75
1071.42	5547.25
1084.33	5541.96
1087.08	5534.12
1090.0	5527.24
1094.0	5502.03
1094.08	5478.16
1104.0	5472.5
1110.08	5445.73
1116.58	5437.28
1117.75	5428.91
1120.5	5399.23
1127.5	5379.02
1129.58	5368.44
1136.5	5339.9
1146.0	5308.53
1149.83	5277.13
1153.08	5252.63
1166.5	5244.96
1168.08	5212.02
1176.67	5097.49
1192.33	5088.81
1213.67	5019.53
1222.25	4931.12
1223.83	4916.3
1232.0	4884.77
1237.67	4848.98
1248.83	4832.92
1254.17	4815.13
1255.83	4643.23
1274.17	4626.88
1281.0	4607.15
1282.0	4585.96
1293.83	4505.18
1313.83	4488.23
1326.17	4427.98
1330.25	4409.84
1361.17	4398.4
1363.75	4184.62
1371.5	4142.32
1373.08	4094.4
1375.75	3934.34
1412.5	3787.6
1444.5	3629.17
1465.0	3609.62
1468.0	3584.91
1502.25	3541.5
