1445.5	13202.6
1446.0	13199.7
1446.75	13108.0
1449.08	13094.6
1449.25	13087.4
1451.67	13081.1
1455.17	13057.3
1457.58	13040.6
1461.08	13036.9
1464.58	13013.4
1465.92	13008.4
1481.92	12963.7
1487.17	12960.8
1491.5	12930.3
1498.42	12914.0
1507.58	12611.4
1526.83	12594.2
1527.33	12491.7
1535.67	12436.2
1537.75	12306.5
1541.25	12297.5
1542.17	12249.9
1543.58	12226.1
1553.92	12125.8
1575.83	12040.7
1576.25	11899.0
1578.17	11816.0
1590.0	11806.4
1590.33	11777.9
1598.5	11766.2
1609.33	11578.4
1623.42	11506.2
1631.42	11493.2
1634.67	11480.4
1642.33	11264.3
1644.42	11250.1
1667.33	11228.3
1672.83	11212.9
1690.25	11066.7
1708.33	11059.7
1709.0	11024.9
1710.08	10987.2
1712.83	10956.1
1714.17	10839.2
1735.08	10796.1
1750.17	10630.3
1761.42	10597.9
1785.75	10348.8
1802.08	10338.6
1819.83	10329.1
1823.0	10309.0
1825.83	10185.5
1839.67	10151.3
1859.0	10142.1
1864.58	9860.78
1896.83	9682.87
1922.25	9562.08
1923.08	9430.47
1933.83	9386.5
1935.92	9362.74
1938.08	9292.71
1961.5	9203.15
1972.25	9139.9
1982.75	8962.49
2000.0	8949.06
2023.5	8894.14
2026.75	8641.14
2064.5	8636.12
2071.0	8567.45
2078.5	8447.56
2090.25	8428.5
2092.25	8404.3
2105.5	8360.26
2118.0	8160.19
