5090.33	62471.2
5107.83	62355.5
5117.92	62299.1
5124.67	62215.4
5139.17	62137.7
5143.92	62082.8
5146.08	61882.7
5170.0	61846.3
5173.33	61738.9
5177.17	61705.5
5180.58	61702.5
5183.25	61515.5
5189.67	61420.8
5205.92	61417.5
5213.5	61224.5
5226.25	61129.1
5232.08	61040.4
5256.33	61031.6
5257.5	60952.7
5257.5	60958.8
5262.33	60675.9
5264.42	60653.6
5280.17	60638.3
5281.58	60573.3
5284.83	60483.2
5291.75	60462.6
5293.42	60366.5
5305.0	60237.6
5310.42	60216.2
5314.5	60184.1
5315.0	59965.6
5335.0	59892.3
5338.33	59884.9
5348.33	59754.6
5350.92	59629.3
5383.67	59541.0
5384.58	59517.0
5388.67	59187.4
5400.58	59162.3
5418.92	59090.2
5424.17	59030.4
5427.92	58876.7
5434.0	58827.7
5443.33	58784.8
5452.0	58701.4
5472.08	58656.4
5474.58	58624.4
5480.25	58364.6
5482.33	58158.1
5495.0	58154.4
5497.75	58062.7
5508.0	58055.9
5508.25	58044.1
5516.75	58036.5
5520.08	57936.5
5524.0	57868.1
5526.33	57825.4
5544.17	57588.7
5563.5	57587.6
5566.25	57524.4
5572.33	57363.8
5591.58	57168.2
5592.17	56991.4
5634.75	56847.5
5651.33	56715.1
5654.75	56516.1
5662.5	56465.8
5682.08	56376.1
5704.75	56373.3
5707.58	56298.0
5708.17	56286.2
5713.92	56240.8
5719.92	56202.7
5725.33	55853.2
5734.5	55680.7
5747.58	55642.3
5753.58	55392.9
5773.58	55202.4
5801.25	55130.4
5809.0	55016.1
5817.92	55004.8
5828.0	54946.8
5835.58	54662.6
5847.5	54577.2
5851.08	54510.7
5853.42	54498.3
5860.75	54253.3
5898.33	54222.5
5903.17	54076.2
5911.5	53881.9
5918.17	53750.9
5936.83	53726.6
5942.08	53712.4
5944.75	53425.0
5948.33	53317.9
5950.75	53015.8
5969.58	52995.8
5971.33	52835.3
5989.92	52827.1
6008.42	52783.6
6010.67	52459.3
6034.25	52417.7
6049.67	52356.7
6055.92	52250.4
6085.5	52084.3
6090.75	52040.5
6103.67	51985.0
6105.42	51517.3
6125.33	51508.6
6143.92	51414.9
6145.83	51021.5
6175.17	50838.0
6195.92	50783.3
6205.0	50489.4
6228.75	50402.1
6237.58	50373.4
6245.25	50285.3
6261.17	50234.4
6263.92	50216.1
6269.0	49899.2
6275.75	49885.8
6281.58	49868.8
6296.42	49816.6
6304.92	49761.1
6305.92	49690.3
6309.0	49589.5
6312.75	49425.4
6327.33	49412.6
6336.33	49277.8
6362.25	49113.3
6364.83	49028.0
6372.0	48996.9
6385.08	48934.1
6392.17	48611.8
6416.75	48357.0
6434.5	48330.2
6436.67	48295.6
6441.42	48262.2
6444.75	47889.3
6457.75	47749.1
6469.67	47669.3
6489.42	47639.3
6492.42	47458.8
6499.25	47382.1
6511.58	47366.5
6515.5	47325.1
6515.83	47076.6
6517.25	47033.4
6535.08	46789.8
6561.42	46580.8
6590.0	46519.5
6591.92	46501.6
6599.0	46410.6
6601.0	46230.8
6609.5	46077.7
6615.92	46013.5
6630.67	45921.7
6650.92	45771.4
6651.25	45612.5
6663.0	45556.8
6684.67	45378.5
6713.58	45232.0
6733.5	44964.1
6736.33	44848.0
6744.17	44725.1
6765.0	44635.8
6773.42	44580.1
6793.58	44475.2
6811.58	44328.5
6829.0	43799.4
6868.83	43494.1
6898.08	43009.8
6917.0	42914.2
6925.75	42843.4
6940.83	42750.7
6958.58	42562.9
6963.17	42458.9
6992.75	41953.4
7013.25	41861.3
7033.25	41845.7
7041.25	41438.1
7063.75	41383.2
7065.25	41028.8
7070.5	40918.8
7120.0	40830.7
7142.25	40796.6
7143.75	40706.1
7148.0	40685.3
7154.25	40528.6
7165.25	40511.3
7169.0	40490.3
7174.0	40446.6
7187.0	40383.8
7196.0	40226.1
7197.75	40063.4
7203.25	40019.4
7222.75	40005.6
7243.0	39729.8
7263.25	39643.4
7295.5	39170.2
7315.5	39005.9
7319.5	38958.0
7346.75	38643.2
7392.0	38538.6
7408.5	38393.5
7415.0	38371.0
7415.5	38319.8
7418.25	38009.9
7440.25	37890.9
