5907.92	125659.0
5908.92	125656.0
5914.75	125642.0
5918.33	125640.0
5918.92	125624.0
5926.83	125271.0
5946.17	124684.0
5954.67	124681.0
5960.17	124179.0
5963.5	123854.0
5979.25	123737.0
6011.67	123453.0
6027.5	122973.0
6027.75	122733.0
6033.42	122410.0
6039.5	122197.0
6055.0	121794.0
6058.33	121789.0
6073.42	121730.0
6074.08	121688.0
6076.92	121606.0
6081.33	121501.0
6088.42	121311.0
6093.5	120852.0
6109.08	120150.0
6127.5	119969.0
6151.25	119713.0
6156.75	119335.0
6184.75	119203.0
6185.5	119193.0
6194.25	118872.0
6199.08	118486.0
6213.08	118007.0
6229.92	117996.0
6252.83	117271.0
6280.67	117229.0
6282.83	116878.0
6297.75	116845.0
6302.42	116430.0
6353.83	116068.0
6356.0	116058.0
6358.5	115580.0
6368.0	115247.0
6392.0	115207.0
6412.5	115072.0
6416.17	114721.0
6431.75	114214.0
6447.42	114035.0
6479.33	113906.0
6481.0	113400.0
6486.83	113305.0
6487.75	113201.0
6518.25	112892.0
6525.75	112571.0
6554.17	112019.0
6574.75	111978.0
6580.92	111935.0
6587.42	111444.0
6605.75	111412.0
6613.67	111147.0
6621.0	110523.0
6651.33	110277.0
6656.0	109779.0
6669.0	109744.0
6688.33	108930.0
6742.42	108889.0
6765.5	108857.0
6767.58	108723.0
6768.92	108664.0
6770.25	108617.0
6773.5	108587.0
6785.25	108274.0
6804.67	108252.0
6813.42	108246.0
6823.75	107704.0
6848.17	107700.0
6863.92	107319.0
6866.83	107050.0
6871.25	106901.0
6892.5	106770.0
6909.92	106758.0
6911.5	106376.0
6926.17	106373.0
6927.08	106103.0
6937.0	105532.0
6953.25	105433.0
6963.5	105293.0
6983.58	105108.0
6984.42	104475.0
6987.25	104442.0
7007.5	104088.0
7016.17	104035.0
7028.67	103985.0
7029.25	103939.0
7049.33	102993.0
7069.5	102961.0
7100.25	102340.0
7115.17	102005.0
7118.5	101737.0
7161.67	100843.0
7201.42	100800.0
7213.5	100613.0
7222.0	100605.0
7227.25	99957.3
7228.75	99942.0
7231.67	99764.6
7256.75	99304.7
7295.08	99062.4
7295.5	99025.6
7308.92	99018.9
7326.67	98503.9
7342.58	98207.9
7345.67	98072.4
7359.25	98044.7
7376.67	97676.5
7392.08	97621.5
7423.75	97393.6
7429.0	97294.2
7434.42	96807.9
7451.08	96771.0
7467.08	96769.1
7469.83	96173.5
7474.75	96087.9
7475.83	95590.7
7482.08	95470.1
7486.75	95189.2
7516.17	94734.4
7521.5	94696.0
7561.0	94603.8
7563.58	94456.0
7566.5	94272.5
7572.75	93565.6
7584.58	93421.9
7604.08	93346.9
7611.17	93037.3
7622.33	92823.7
7642.83	92390.3
7682.08	92167.4
7684.08	92101.2
7689.75	91912.2
7691.08	91738.7
7718.08	91590.9
7737.5	91495.3
7739.33	91152.3
7742.25	91049.6
7744.17	91028.3
7759.67	91020.6
7759.83	90475.1
7765.08	90199.0
7782.25	90051.6
7791.08	89625.8
7794.58	89409.9
7819.33	89394.7
7841.42	89345.5
7846.5	88696.9
7859.0	88608.3
7871.25	88508.1
7881.25	87942.3
7889.42	87786.7
7898.67	87292.2
7931.92	86896.0
7975.5	86792.3
7979.67	86403.8
7987.75	86125.9
8029.17	85103.4
8082.67	85029.3
8106.0	85027.3
8110.75	84462.4
8120.0	83923.4
8173.75	83341.9
8192.0	83139.6
8205.5	82885.4
8244.0	82743.6
8248.5	82364.3
8280.75	81846.9
8284.5	81758.2
8325.0	81729.4
8331.5	81689.7
8337.5	81626.4
8358.5	81390.4
8373.0	80197.7
8395.75	79543.2
8453.75	78840.5
8471.0	78758.2
8537.25	78500.3
8555.25	78443.5
8557.0	78420.3
8571.5	78259.7
8586.0	78198.6
8590.25	78001.3
8602.5	77811.1
8646.75	77395.2
8651.75	77220.1
8664.5	77181.2
8669.5	77134.2
8678.75	76987.5
8685.0	76889.8
