1386.92	12563.6
1394.17	12556.2
1414.17	12482.8
1417.5	12429.8
1420.08	12421.2
1421.83	12416.6
1422.67	12237.8
1427.83	12218.7
1436.0	12106.8
1437.5	11817.8
1440.17	11755.2
1457.67	11727.6
1458.33	11703.4
1460.17	11691.9
1475.42	11616.9
1480.0	11547.3
1480.5	11536.3
1509.5	11511.9
1511.83	11377.3
1520.17	11315.0
1533.92	11215.3
1540.5	11188.1
1546.92	11085.4
1555.83	11074.1
1566.75	11066.2
1567.67	10928.6
1597.67	10896.1
1609.58	10731.2
1620.42	10684.4
1631.5	10611.8
1637.25	10516.5
1658.33	10508.7
1658.5	10243.5
1699.33	10157.0
1705.08	10126.5
1709.58	10112.0
1724.0	9990.77
1732.92	9899.61
1737.33	9881.16
1740.08	9823.61
1747.42	9731.62
1770.67	9554.33
1778.17	9498.59
1781.5	9440.24
1783.75	9418.89
1787.67	9401.69
1796.83	9318.91
1797.83	9299.98
1805.25	9245.42
1818.08	9077.55
1824.42	9057.21
1845.0	9043.74
1873.5	8764.89
1886.83	8634.15
1904.75	8618.05
1907.5	8572.85
1936.5	8430.26
1937.5	8363.56
1961.75	8214.25
1974.5	8197.26
1979.75	8176.52
1981.25	8129.76
1995.5	8112.74
2000.0	8090.58
2025.5	7979.95
2031.75	7908.26
2037.25	7885.55
2047.25	7865.09
2066.75	7823.12
