2486.5	16087.2
2487.5	16085.4
2488.83	16081.6
2489.17	16079.6
2490.17	16078.0
2491.17	16076.4
2492.67	16072.1
2524.25	16038.6
2526.0	16029.7
2527.58	16026.7
2531.25	15997.8
2532.25	15990.3
2536.17	15977.6
2546.67	15971.9
2553.0	15844.6
2562.08	15771.9
2566.58	15767.5
2586.17	15766.6
2589.58	15761.7
2590.33	15659.9
2597.0	15653.3
2610.42	15526.7
2614.08	15443.9
2620.75	15341.0
2624.33	15331.3
2625.5	15240.7
2633.5	15231.4
2653.75	15213.7
2655.25	15161.7
2655.75	15150.2
2656.0	15140.3
2671.0	15124.1
2671.08	15090.1
2672.83	15021.5
2675.17	15009.9
2694.5	14967.1
2698.92	14955.5
2704.42	14874.8
2707.92	14862.5
2718.25	14829.4
2720.08	14743.3
2727.17	14691.9
2732.25	14681.4
2744.0	14658.6
2748.17	14645.7
2749.17	14589.3
2756.0	14552.4
2759.92	14538.9
2776.75	14422.8
2778.33	14408.5
2799.17	14386.4
2812.17	14377.0
2814.08	14322.1
2815.83	14261.5
2820.08	14247.4
2826.92	14218.1
2836.0	14178.6
2844.25	14167.5
2849.33	14108.1
2858.5	14065.0
2865.92	13965.3
2892.92	13939.0
2894.17	13894.4
2903.67	13882.6
2909.42	13707.7
2914.0	13691.5
2922.42	13679.0
2932.58	13617.0
2933.92	13569.8
2951.5	13559.2
2952.92	13511.8
2965.17	13481.8
2969.92	13467.8
2986.08	13404.7
2988.17	13389.7
2988.33	13374.3
3000.67	13240.8
3013.25	13168.5
3027.17	13153.1
3036.33	13117.7
3045.33	13101.1
3054.83	13036.3
3055.67	13020.2
3067.5	13006.9
3069.75	12988.1
3071.33	12807.1
3095.08	12793.1
3102.42	12720.5
3111.0	12702.5
3111.92	12641.6
3143.25	12629.0
3150.17	12613.4
3150.5	12544.2
3155.42	12288.2
3181.42	12276.6
3187.67	12213.8
3198.92	12195.0
3204.0	12093.6
3238.08	11871.8
3249.75	11749.8
3293.83	11722.5
3298.5	11666.2
3313.58	11624.5
3321.92	11584.1
3327.75	11483.9
3330.67	11461.3
3339.42	11440.3
3343.42	11397.6
3350.42	11379.1
3352.17	11287.2
3368.67	11270.9
3377.58	11252.7
3382.33	11233.4
3400.92	11196.5
3402.92	11155.6
3414.92	11134.0
3416.75	10919.7
3425.0	10800.2
3433.75	10780.9
3442.75	10761.6
3448.25	10741.5
3460.5	10723.0
3466.75	10651.9
3478.75	10633.1
3510.5	10508.5
3514.5	10442.3
3518.5	10420.7
3522.5	10376.6
3534.75	10356.8
3556.75	10270.7
3599.75	10042.0
3622.0	9821.04
3658.25	9804.64
3671.5	9782.22
3701.25	9737.69
