1716.17	12029.3
1730.67	11972.3
1743.92	11809.8
1749.17	11789.2
1752.5	11778.4
1752.92	11719.2
1774.42	11694.1
1778.75	11397.0
1783.08	11217.5
1795.42	11016.0
1806.5	10998.5
1812.08	10987.6
1814.33	10892.7
1820.42	10881.5
1839.08	10673.6
1855.5	10572.0
1864.92	10367.3
1894.0	10365.0
1897.17	10349.6
1903.5	10147.8
1931.0	10143.8
1931.58	10108.4
1932.58	10078.4
1946.33	10000.1
1957.42	9936.42
1964.67	9716.06
1972.83	9609.55
1989.0	9600.57
1996.92	9563.71
1998.25	9543.97
2003.58	9490.79
2006.58	9435.67
2020.67	9400.35
2031.58	9387.69
2048.5	9075.55
2059.58	8870.3
2076.75	8835.95
2097.83	8783.35
2118.5	8689.59
2166.58	8579.09
2170.0	8560.06
2170.17	8535.6
2176.75	8439.69
2184.42	8401.0
2198.25	8128.56
2213.25	8113.75
2259.75	8092.37
2268.25	8027.59
2271.25	7982.36
2301.0	7901.16
2307.5	7879.74
2321.75	7862.19
2329.75	7841.25
2334.5	7742.83
2369.75	7734.72
