5936.67	31313.8
5968.25	30823.6
6041.0	30763.3
6050.92	30754.4
6072.25	30754.0
6074.58	30748.9
6075.25	30630.9
6077.83	30436.9
6130.67	30417.7
6133.92	30322.0
6162.83	30313.7
6176.5	30065.7
6180.0	29969.9
6198.33	29870.8
6211.33	29625.7
6220.75	29602.9
6230.08	29539.7
6287.42	29289.5
6289.42	29278.9
6298.67	28748.6
6384.75	28624.6
6404.42	28603.2
6406.33	28566.0
6462.08	28503.6
6474.83	28029.5
6481.83	28019.2
6516.08	27974.6
6532.0	27845.2
6535.92	27532.8
6593.5	27507.8
6596.0	27476.9
6602.0	27153.9
6672.17	27122.6
6693.5	27095.4
6708.5	26938.5
6720.92	26692.0
6740.92	26662.9
6763.5	26651.5
6767.33	26470.9
6816.83	26386.7
6841.17	26375.2
6844.17	26313.5
6846.25	26296.2
6854.58	26280.5
6879.75	25948.0
6921.75	25707.4
6941.67	25512.4
6959.92	25442.6
6980.17	25198.1
7019.25	25064.2
7039.33	25029.4
7050.25	24920.5
7057.67	24885.2
7075.67	24773.9
7112.75	24713.9
7124.08	24601.7
7128.0	24483.3
7144.08	24366.8
7149.75	24289.7
7200.17	24134.1
7205.83	24098.7
7212.17	23976.3
7229.58	23874.1
7276.0	23744.3
7286.67	23667.8
7286.92	23395.5
7314.67	23364.1
7360.58	23222.6
7366.67	23178.1
7379.58	23046.2
7401.58	22946.1
7408.25	22881.6
7408.33	22858.1
7447.75	22694.1
7493.5	22393.1
7526.08	22339.9
7550.5	21828.1
7569.83	21807.9
7604.25	21791.4
7613.33	21718.5
7623.67	21539.6
7626.75	21468.2
7667.75	21413.9
7682.5	21031.6
7741.75	20959.0
7766.25	20920.8
7776.75	20698.5
7806.75	20568.9
7828.25	20411.6
7838.25	20367.3
7858.5	20325.4
7921.75	20079.5
7943.25	20012.4
7993.75	19753.9
8003.5	19706.4
8058.75	19519.2
8072.75	19420.8
8134.75	19410.9
8152.5	19209.0
8156.5	19158.0
8219.75	19095.9
8231.25	19072.8
