1483.0	7112.51
1486.0	7101.81
1489.5	7057.39
1490.5	7036.88
1494.83	7030.47
1521.67	6965.23
1523.17	6958.52
1527.92	6890.88
1535.42	6858.79
1541.83	6812.32
1548.83	6782.66
1565.17	6733.48
1598.5	6591.76
1611.17	6558.14
1627.42	6536.44
1629.5	6522.75
1634.0	6511.8
1652.67	6504.39
1661.67	6271.64
1714.67	6219.3
1721.42	6032.2
1727.0	5981.93
1742.0	5853.92
1763.08	5804.65
1780.25	5771.21
1793.17	5597.91
1814.75	5481.98
1836.33	5334.54
1858.67	5299.7
1870.25	5210.3
1900.83	5031.99
1912.5	4942.01
1923.17	4919.36
1942.75	4898.94
1944.0	4806.74
1968.0	4620.85
2011.5	4582.11
2013.5	4557.41
2019.75	4482.85
2055.5	4466.06
2067.25	4417.55
2091.25	4397.56
