2289.83	24857.4
2294.67	24787.0
2318.08	24727.4
2335.75	24496.0
2344.0	24294.8
2349.42	24272.4
2349.5	24034.2
2355.0	23807.9
2361.0	23679.5
2404.5	23365.0
2414.58	23126.8
2426.17	22742.1
2426.33	22694.4
2467.92	22579.5
2487.0	22513.1
2488.17	22500.8
2492.83	22420.9
2494.58	22038.3
2501.25	22005.0
2502.67	21991.5
2523.83	21912.0
2527.67	21517.0
2530.92	21506.6
2562.25	21429.0
2565.17	21182.6
2578.92	21181.9
2580.67	21140.3
2587.58	21132.8
2591.25	20918.8
2600.58	20735.5
2627.25	20637.4
2632.42	20624.3
2634.75	20589.4
2649.92	20469.7
2655.67	20389.7
2657.33	20353.2
2661.08	20280.5
2667.17	20195.9
2672.92	20162.9
2682.67	20106.5
2688.42	19912.2
2703.58	19907.5
2714.17	19738.5
2723.42	19634.6
2742.67	19580.4
2758.25	19525.6
2769.17	19034.6
2779.83	18979.4
2794.58	18938.2
2800.0	18925.0
2810.58	18913.3
2834.0	18644.3
2875.75	18540.4
2888.33	18429.1
2896.67	18312.2
2923.0	17754.2
2942.75	17732.5
2972.92	17418.6
2981.67	17402.0
3001.92	17396.9
3006.17	17375.8
3024.25	16992.6
3036.0	16936.6
3051.75	16929.8
3054.75	16887.7
3077.5	16841.9
3091.0	16832.3
3093.25	16788.3
3098.25	16723.0
3105.75	16706.9
3122.0	16650.9
3137.0	16446.2
3144.5	16153.1
3160.0	16091.5
