6611.17	62480.2
6630.25	62180.8
6641.67	62005.6
6648.5	62002.2
6649.67	61890.3
6659.42	61558.6
6698.5	61414.7
6705.08	61395.2
6730.0	61340.0
6736.42	61325.4
6744.92	61216.6
6745.83	60960.2
6746.75	60954.9
6754.92	60941.7
6764.83	60456.3
6770.5	60302.5
6808.92	60301.2
6818.17	59944.3
6848.17	59757.9
6873.0	59678.6
6878.83	59653.6
6881.25	59353.9
6893.75	59311.1
6927.33	58899.0
6948.33	58525.2
6968.17	58514.8
6971.08	58471.8
6975.33	58396.2
6991.58	58264.3
7002.33	58167.4
7006.17	58158.0
7008.58	58002.8
7012.08	57836.7
7025.67	57707.7
7068.17	57606.1
7079.33	57126.4
7098.17	56890.3
7127.83	56777.1
7138.25	56669.4
7143.33	56551.1
7160.25	56281.0
7184.17	56224.3
7194.5	55307.9
7247.67	55270.1
7287.5	55223.4
7290.0	54738.7
7341.92	54499.2
7375.25	54231.9
7388.5	54224.6
7401.33	53154.4
7403.67	53138.2
7405.75	53122.0
7406.17	53104.9
7457.58	53061.4
7457.92	53026.9
7502.42	52873.4
7504.25	52523.6
7529.33	52411.5
7558.33	52407.9
7565.5	52284.9
7582.92	51959.8
7629.42	51909.6
7639.0	51612.2
7641.0	51556.6
7655.92	51488.7
7662.92	50966.0
7673.33	50658.8
7690.25	50206.6
7708.67	50116.4
7716.92	50080.7
7762.42	49909.8
7798.58	48987.0
7840.25	48828.0
7857.42	48819.0
7885.92	48657.4
7894.58	48644.1
7895.92	48627.2
7916.75	48091.9
7936.42	48083.6
7945.25	47717.2
7959.5	47629.1
7972.0	47207.0
8005.17	46521.3
8017.58	46160.7
8065.42	46145.7
8128.0	45975.6
8137.58	45773.5
8155.08	45673.4
8182.42	45479.5
8190.33	45026.1
8222.5	45018.5
8238.83	44931.6
8239.42	44887.9
8250.25	44363.8
8256.25	44346.3
8270.92	44333.2
8294.0	44303.8
8297.92	44281.4
8320.83	43629.9
8364.75	43437.3
8388.25	43111.3
8397.33	43024.2
8438.58	42611.8
8454.25	42085.4
8470.0	42071.8
8480.25	41949.0
8508.5	41937.6
8512.5	41914.0
8520.5	41528.1
8544.0	41362.7
8581.0	41314.3
8587.25	41069.8
8604.5	40665.6
8675.0	40630.7
8697.5	40595.2
8717.75	40441.3
8739.0	40404.7
8743.25	40264.3
8763.5	40034.0
8783.25	39995.5
8785.0	39800.6
8814.25	39344.3
8849.25	39185.6
8881.25	39100.8
8889.5	39054.6
8941.25	39004.3
8946.25	38544.6
8965.5	38398.8
8988.5	38332.3
9052.25	38234.3
