3667.83	32227.4
3669.0	32185.3
3670.75	32162.3
3723.67	31988.9
3724.25	31980.9
3741.58	31903.4
3743.92	31701.8
3756.5	31664.1
3766.08	31450.5
3772.42	31375.0
3783.17	31365.4
3796.17	31315.5
3803.0	31096.6
3822.33	30978.3
3826.83	30962.4
3834.0	30750.2
3840.67	30745.1
3846.25	30647.5
3853.5	30385.3
3858.75	30258.0
3877.0	30134.0
3889.67	29835.0
3936.92	29820.7
3942.83	29643.4
3950.92	29477.0
3972.33	29426.0
3979.92	29208.6
3987.42	29111.5
3994.25	28985.7
4005.5	28949.5
4031.33	28933.0
4042.5	28896.5
4044.92	28819.7
4052.08	28765.5
4064.5	28758.9
4064.67	28275.2
4105.33	28254.6
4105.58	28192.2
4107.83	28105.2
4114.58	27986.2
4115.58	27972.6
4152.75	27859.2
4155.92	27843.7
4159.33	27460.8
4162.67	27391.1
4186.75	27205.4
4193.17	27110.0
4211.0	26830.9
4228.83	26745.5
4239.08	26694.0
4242.67	26631.8
4263.0	26533.5
4271.83	26340.0
4317.08	26111.2
4331.92	26002.1
4343.58	25950.6
4348.92	25290.0
4416.92	25209.2
4443.42	25136.7
4451.92	25076.6
4458.25	25015.2
4460.75	24728.0
4472.33	24473.1
4479.42	24457.7
4497.25	24447.7
4511.08	24360.1
4516.17	24272.8
4516.92	24090.8
4523.25	24010.1
4530.5	23968.3
4579.0	23588.8
4580.0	23565.8
4580.5	23542.5
4599.08	23417.9
4628.0	23392.4
4629.33	22955.0
4655.5	22947.6
4667.08	22773.6
4719.58	22523.1
4722.0	22449.4
4727.75	22013.8
4769.0	21845.7
4771.25	21672.6
4844.25	21642.9
4847.75	21489.0
4857.75	21381.1
4875.25	21367.0
4886.5	21304.2
4891.75	21261.1
4902.5	20627.0
4969.5	20611.7
4979.25	20342.8
4985.75	20039.4
5007.5	19998.9
5060.25	19896.1
5106.0	19893.0
