6859.08	66126.7
6895.17	66126.0
6896.83	65749.7
6904.08	65371.0
6943.92	65225.8
6961.08	65121.8
6962.67	65102.6
6971.5	64741.2
7000.5	64443.3
7005.67	64347.2
7040.92	64172.2
7044.83	64135.3
7047.75	64024.3
7060.25	64005.7
7068.58	63722.3
7072.42	63362.6
7107.67	63226.2
7116.08	63066.4
7119.33	63051.2
7119.83	62259.6
7176.08	62117.4
7190.33	61959.5
7205.5	61784.4
7275.33	61686.6
7276.08	61381.0
7299.42	61200.4
7311.17	61174.0
7311.42	60678.8
7336.67	60584.0
7366.67	60278.1
7382.25	59686.5
7404.92	59600.8
7416.0	59544.7
7419.5	59445.7
7429.58	59240.7
7471.83	59156.9
7479.83	58598.8
7536.58	58540.5
7544.5	58497.2
7548.92	58071.2
7567.33	57780.1
7599.67	57579.7
7605.0	57499.7
7617.75	57284.6
7623.67	56643.5
7654.5	56203.7
7735.5	56086.8
7748.83	55626.4
7766.17	55588.6
7770.58	55544.3
7777.08	55274.1
7784.08	55147.6
7810.67	54604.1
7870.58	54547.0
7877.25	54420.1
7896.0	54222.5
7903.83	54207.1
7906.08	54188.8
7916.75	54174.8
7918.0	54076.2
7919.33	53562.2
7953.25	52929.3
7996.5	52913.7
8001.75	52627.7
8041.0	52609.6
8042.08	52384.9
8069.33	52284.6
8076.67	52126.0
8092.92	52028.6
8095.75	52012.4
8126.08	51828.4
8131.08	51771.2
8133.25	51665.1
8143.42	51383.6
8165.0	51330.9
8172.67	51189.8
8201.67	51011.4
8223.17	50677.0
8224.5	50436.6
8256.08	50342.6
8259.83	50214.0
8267.5	49911.9
8293.67	49612.1
8329.08	49526.9
8356.75	49427.1
8360.5	49406.2
8372.92	49305.4
8382.83	49271.5
8393.58	48972.8
8400.42	48781.2
8412.83	48553.0
8423.33	48448.7
8445.25	48342.1
8455.25	48160.4
8463.5	48124.6
8484.83	47995.7
8501.42	47567.7
8530.67	47477.5
8537.75	47124.2
8599.83	47073.3
8600.67	46909.9
8634.42	46681.0
8635.42	45997.6
8680.75	45978.2
8707.0	45945.6
8710.17	45773.6
8734.33	45489.5
8738.33	45377.6
8744.17	45316.7
8768.33	45307.6
8777.67	45244.4
8791.25	44922.1
8793.5	44897.9
8807.75	44858.2
8822.0	44534.3
8827.75	44416.9
8831.0	43912.7
8840.75	43828.3
8874.5	43822.8
8911.75	43662.2
8923.75	43555.1
8951.25	43201.0
8976.25	43190.4
8989.5	43057.1
8993.75	43035.9
9000.0	42637.4
9006.0	42544.9
9038.5	42247.2
9115.75	41745.3
9179.5	41702.4
9191.25	41608.5
9211.75	41568.9
9221.75	41398.5
9229.25	40972.3
9304.75	40831.3
9313.0	40629.6
9335.5	40512.2
9342.75	40412.2
9412.25	40394.9
