1812.5	13619.3
1813.42	13606.7
1814.42	13602.5
1815.0	13537.7
1821.42	13471.8
1852.58	13463.0
1860.33	13455.9
1861.42	13449.7
1864.67	13418.2
1868.25	13225.2
1873.5	13042.3
1880.0	13035.5
1893.5	13032.1
1896.08	12987.9
1897.33	12913.6
1917.5	12901.5
1922.5	12883.4
1938.58	12872.6
1939.67	12600.0
1953.08	12550.3
1959.08	12274.4
1961.5	12263.2
2005.08	12142.7
2025.58	11824.0
2035.25	11814.4
2044.42	11356.2
2061.0	11271.8
2082.25	11194.6
2105.08	11189.4
2107.17	11174.0
2112.67	10899.9
2133.42	10869.0
2155.58	10640.0
2189.67	10558.5
2211.67	10467.6
2216.75	10414.3
2223.0	10335.2
2234.58	10212.5
2236.17	10171.1
2257.83	9925.1
2301.33	9923.35
2304.17	9881.3
2316.33	9771.59
2340.25	9582.48
2346.75	9543.72
2378.25	9467.62
2393.5	9382.6
2398.25	9180.79
2399.75	9092.29
2453.0	9027.3
2476.5	8992.59
2479.0	8779.11
2479.25	8755.09
2481.25	8731.67
2484.75	8480.37
