3056.83	15235.5
3064.25	15218.1
3072.25	15191.7
3073.58	15154.1
3078.75	15148.9
3091.75	14961.5
3118.83	14862.9
3128.58	14812.5
3142.75	14751.1
3147.25	14560.6
3155.67	14555.0
3180.25	14491.6
3183.58	14429.4
3185.75	14384.9
3187.58	14283.3
3196.42	14214.0
3199.5	14195.9
3200.5	13980.0
3228.42	13858.8
3255.92	13854.9
3276.25	13728.7
3286.75	13720.0
3287.67	13570.7
3316.58	13528.5
3351.67	13405.9
3387.08	13375.4
3408.42	13355.5
3412.67	13158.8
3434.5	13116.2
3443.75	13058.7
3454.25	12712.3
3456.17	12590.6
3473.58	12493.8
3508.67	12465.8
3522.92	12310.6
3532.33	12296.6
3542.08	12194.2
3568.83	12161.6
3569.83	12035.0
3570.75	11844.2
3624.08	11582.6
3675.58	11441.0
3716.42	11240.8
3741.5	11178.8
3746.75	11202.9
3771.33	11147.5
3777.42	11024.2
3803.17	10763.0
3865.25	10713.3
3865.33	10664.8
3883.92	10607.2
3890.75	10443.9
3931.0	10242.6
3939.5	10057.8
3943.25	10035.9
3987.5	10024.1
3988.0	9839.41
3996.75	9745.26
4054.5	9735.29
4082.75	9669.11
4094.5	9573.09
4115.75	9452.66
4141.0	9278.37
