2484.0	26731.5
2487.0	26716.6
2490.75	26675.2
2509.33	26016.8
2526.25	25989.8
2530.67	25737.8
2540.5	25650.8
2546.25	25498.3
2552.5	25466.7
2560.42	25442.4
2572.5	24831.4
2575.5	24821.2
2616.58	24731.7
2628.83	24663.4
2629.08	24253.5
2651.92	23977.1
2661.67	23923.8
2662.33	23871.0
2672.0	23864.6
2679.0	23823.6
2682.0	23812.9
2688.0	23664.8
2689.83	23605.0
2698.5	23370.4
2713.83	23325.1
2720.83	22983.3
2728.67	22975.7
2739.08	22869.1
2754.08	22765.3
2755.08	22747.4
2763.17	22736.7
2772.33	22708.1
2785.08	22616.3
2794.0	22494.5
2800.83	22083.8
2863.17	21911.4
2893.75	21627.8
2894.42	21188.5
2903.25	21007.9
2917.75	20710.6
2961.25	20632.5
2963.58	20577.4
2966.58	20557.6
2993.17	20470.6
3010.0	20448.5
3022.25	20139.6
3052.83	20130.8
3067.58	20102.6
3080.0	20091.5
3080.08	20004.4
3081.08	19594.5
3127.5	19485.2
3134.58	19467.7
3139.25	19447.8
3143.5	19427.5
3144.0	19382.2
3145.42	19253.8
3165.5	19252.9
3173.67	19240.1
3178.67	19220.3
3204.0	18940.8
3208.75	18872.9
3223.75	18866.1
3233.5	18854.1
3266.75	18800.2
3275.25	18586.9
3278.5	18545.5
3278.75	18500.8
3284.25	18230.5
3334.25	18187.0
3340.25	18146.0
3348.5	17913.8
3352.0	17868.5
3366.5	17858.6
3388.0	17830.7
3411.5	17804.9
3442.75	17509.6
3445.25	17486.4
3514.5	17452.2
