6556.5	61758.7
6559.83	61495.9
6582.67	61446.2
6583.0	61403.7
6599.25	61177.1
6611.75	60906.6
6668.67	60707.1
6680.5	60624.4
6705.92	60580.3
6714.75	60362.5
6718.08	60344.8
6729.83	60337.8
6730.58	60331.7
6733.25	60130.0
6736.42	59764.9
6743.25	59656.2
6775.92	59394.3
6780.67	59312.9
6796.42	59018.3
6807.83	58986.8
6808.67	58680.6
6814.75	58634.6
6854.5	58185.1
6879.58	58114.1
6896.5	58043.6
6900.17	57989.9
6900.92	57481.5
6906.0	57347.2
6927.25	57062.4
6978.75	56363.0
7000.5	56362.6
7009.83	56353.9
7081.33	56335.9
7087.75	55995.4
7099.33	55767.2
7100.5	55635.8
7155.08	54890.3
7168.75	54822.3
7176.58	54712.7
7188.83	54154.3
7205.5	53525.5
7288.83	53453.2
7315.83	52576.1
7368.42	52082.0
7393.83	51849.4
7436.83	51835.3
7450.33	51465.3
7471.17	51313.0
7472.08	51207.5
7502.92	51046.9
7503.67	50808.8
7549.92	50635.9
7551.17	50510.5
7552.17	50495.3
7565.17	50247.9
7601.42	49833.0
7642.58	49533.5
7646.33	49496.1
7654.25	49480.5
7659.5	48810.7
7711.58	48235.1
7772.58	48203.6
7777.67	47692.8
7783.33	47674.4
7827.58	47376.0
7833.42	47324.6
7848.08	47252.8
7907.42	47120.2
7915.5	46908.8
7937.58	46524.9
7950.92	46208.1
7957.25	46103.5
8008.17	45996.6
8010.33	45975.2
8017.58	45844.0
8028.25	45641.2
8037.67	45577.7
8051.25	45311.7
8065.83	44981.6
8123.0	44832.9
8138.75	44579.3
8153.17	43926.9
8175.5	43917.9
8213.5	43567.7
8245.92	43084.7
8255.75	42792.0
8285.58	42733.3
8305.5	42454.5
8330.92	42425.2
8349.92	42238.8
8385.42	42206.5
8390.0	41562.9
8420.5	41470.6
8422.25	41445.8
8462.0	41312.3
8469.75	41225.2
8474.5	41008.1
8490.5	40994.1
8512.0	40937.9
8513.0	40916.1
8519.5	40763.2
8532.5	40747.3
8533.5	40725.3
8535.75	40703.8
8545.5	40549.3
8555.75	40463.1
8567.0	40423.1
8593.25	40344.1
8595.25	40044.5
8608.75	39934.4
8619.75	39916.6
8626.0	39801.8
8631.75	39128.5
8683.75	38761.3
8726.5	38758.0
8752.25	38470.8
8797.5	38367.2
8814.25	37836.1
8847.75	37800.9
8920.0	37759.1
