6703.08	63708.5
6704.25	63694.8
6725.33	63679.8
6732.33	63439.1
6751.83	63424.7
6752.33	63009.0
6756.17	62965.3
6772.5	62572.2
6811.42	62511.3
6816.58	62501.8
6826.83	62500.9
6841.17	62250.8
6844.83	61997.3
6867.0	61607.1
6891.75	61411.4
6951.25	61215.4
6959.08	61046.2
6960.25	60819.4
6963.08	60472.4
6965.67	60275.4
7018.5	59749.9
7026.25	59526.9
7045.58	59526.6
7062.33	59037.0
7089.25	58948.4
7154.25	58806.3
7157.17	58795.1
7160.25	58753.6
7171.58	58608.6
7172.83	58247.0
7173.5	58224.7
7181.58	58080.4
7189.5	58019.1
7193.33	57880.3
7196.92	57350.5
7234.0	57294.5
7271.58	57040.7
7284.75	57032.8
7294.17	56926.5
7295.33	56831.1
7311.0	56620.9
7354.83	56367.3
7377.0	56347.9
7378.67	55942.8
7398.83	55937.1
7401.42	55906.9
7418.08	55587.3
7463.67	55185.1
7468.33	54996.1
7483.5	54659.3
7544.25	54388.2
7562.5	54293.5
7568.17	54222.8
7580.33	54214.2
7583.33	54127.5
7599.42	54106.2
7599.67	53868.2
7608.17	53806.8
7613.33	53791.6
7615.5	53703.6
7617.42	53541.9
7629.58	52831.8
7639.25	52818.0
7671.25	52676.5
7701.58	52616.2
7710.17	52545.1
7718.42	52182.2
7721.33	52145.4
7741.25	51769.1
7750.33	51575.2
7788.67	51535.5
7792.08	51399.7
7800.25	51387.0
7832.08	51352.5
7842.08	50762.8
7868.33	50362.8
7882.5	50329.1
7899.58	50213.2
7920.17	49495.8
7960.5	49125.7
8041.75	49093.9
8043.0	48818.3
8064.33	48712.1
8071.5	48537.0
8103.92	48357.1
8110.75	48172.8
8118.67	47567.5
8160.08	47501.6
8179.5	47358.0
8188.92	47294.5
8189.58	46908.7
8199.67	46775.8
8230.08	46609.9
8235.08	46233.1
8256.33	46220.3
8286.25	46188.2
8288.83	46099.0
8297.42	45923.8
8353.67	45475.2
8384.08	45240.4
8410.58	44987.4
8413.75	44968.5
8423.08	44309.7
8486.08	43972.3
8488.75	43885.9
8509.67	43609.1
8516.67	43394.7
8571.83	43358.4
8589.25	43239.6
8590.75	42900.3
8619.0	42812.1
8632.0	42545.8
8654.5	42137.3
8671.75	42123.6
8706.25	42073.9
8715.25	41875.3
8723.5	41696.7
8727.0	41629.1
8782.5	41424.1
8795.75	41290.5
8812.5	41061.8
8840.25	41051.8
8860.75	40966.5
8873.0	40708.3
8893.25	40499.5
8915.25	40486.1
8922.5	40317.0
8929.25	40071.8
8979.75	39720.3
8982.5	39568.9
9072.0	39511.9
9075.25	39281.9
9076.5	39230.6
9102.25	39087.6
9118.25	39069.6
