4535.33	67165.7
4560.08	67026.1
4579.08	65612.2
4601.33	64824.5
4603.42	64817.8
4630.33	64351.6
4651.33	64100.9
4664.58	63663.5
4706.75	63563.7
4712.17	63222.1
4716.25	63177.6
4736.83	62421.1
4740.5	62386.8
4755.33	62159.7
4759.0	61952.0
4766.33	61635.8
4781.42	61540.5
4808.33	61163.5
4849.75	61148.1
4850.83	61120.8
4863.5	60916.7
4865.5	60904.3
4866.25	60051.9
4871.42	59350.9
4886.5	59237.9
4927.42	58937.8
4944.58	58927.1
4952.0	58190.9
4963.0	58184.8
4969.83	58174.6
4999.08	58135.7
5001.92	58104.4
5010.67	57387.2
5044.0	57385.4
5045.17	57219.3
5057.33	56793.8
5087.75	56528.3
5092.17	55606.2
5171.67	55581.8
5180.33	55551.7
5197.83	55229.2
5227.42	54736.6
5238.75	54569.0
5251.08	54444.1
5257.25	53759.7
5282.5	53750.3
5285.33	53718.5
5295.33	53483.2
5309.83	53362.3
5348.0	53155.2
5376.42	53010.6
5384.42	52781.1
5387.33	52362.2
5413.33	52102.3
5413.83	51935.8
5444.83	51725.3
5454.0	51134.1
5485.25	51120.4
5494.83	50227.9
5503.5	50213.3
5541.83	49994.0
5553.67	49877.0
5572.33	49856.3
5572.75	49833.2
5591.58	49828.6
5594.25	49299.9
5631.67	49242.3
5665.0	48853.1
5683.83	48799.9
5688.67	48441.6
5699.25	48431.7
5699.83	48329.9
5718.33	47844.3
5731.42	47636.5
5768.17	47373.6
5769.5	46321.2
5816.5	46206.2
5836.25	46139.9
5863.75	45888.5
5867.25	45783.1
5868.5	45543.1
5877.25	44947.6
5960.25	44708.8
5992.0	44601.1
5992.5	44366.9
5993.75	44320.9
5995.0	44298.6
5997.25	44229.9
6025.75	44067.6
6034.75	44004.7
6063.25	43717.9
6089.0	43301.4
6100.5	43287.9
6115.25	43277.7
6117.0	43254.6
6130.25	43143.1
6153.25	42966.1
6156.0	42564.6
6200.25	42532.4
6209.5	42131.2
6249.5	42119.7
6249.75	42042.5
6252.25	41993.0
