4397.83	63007.9
4429.25	62703.2
4457.17	62574.6
4466.08	62569.4
4470.67	62541.8
4472.42	62065.5
4485.58	61995.2
4497.17	61662.7
4500.0	61650.6
4508.83	61335.5
4520.0	61318.3
4520.42	61311.7
4542.25	60649.5
4583.92	59570.2
4591.92	59567.1
4593.5	59557.6
4613.83	59257.3
4638.17	58802.3
4639.58	58793.5
4678.75	58581.5
4690.75	58547.7
4699.5	58212.5
4704.25	58162.1
4717.08	57817.4
4734.5	57667.7
4738.92	57614.4
4748.42	57422.0
4748.5	57317.4
4756.33	56962.5
4759.17	56529.7
4799.83	56525.4
4824.42	56522.2
4825.67	56484.8
4829.0	56332.4
4835.42	56231.6
4838.08	56030.2
4843.92	55825.3
4854.25	55298.5
4885.58	55296.8
4890.58	55285.2
4891.0	54612.3
4900.17	54498.2
4931.83	54437.5
4932.58	54420.9
4935.42	54186.7
4948.33	54105.6
4950.25	54072.4
4968.25	54037.7
4968.75	53525.2
4974.0	53336.7
4979.25	53311.0
5003.08	53134.7
5006.08	52899.5
5007.5	52869.4
5007.67	52668.4
5026.17	52668.0
5039.92	52633.7
5046.5	52045.4
5047.0	52026.5
5092.67	51981.0
5093.25	51806.9
5096.5	51477.9
5114.5	50408.9
5151.42	50404.5
5176.0	50284.4
5179.83	50267.6
5188.25	50078.6
5220.83	49735.8
5223.75	49357.3
5226.08	49198.1
5233.92	49184.5
5287.92	48965.6
5297.92	48344.0
5323.92	48151.2
5330.33	48119.8
5366.25	47208.9
5382.67	46978.5
5396.17	46494.4
5443.58	46255.7
5460.42	46167.9
5478.58	46165.9
5494.33	46019.9
5506.5	45614.7
5529.08	45613.0
5548.58	45067.2
5557.25	44903.8
5557.75	44658.1
5620.5	44123.4
5624.67	43865.3
5628.5	43843.8
5631.0	43553.9
5650.5	43308.2
5698.75	42988.7
5731.0	42866.3
5756.5	42442.2
5768.5	41874.6
5816.0	41803.9
5817.5	41638.5
5851.75	41455.6
5861.5	41441.0
5864.75	41346.6
5879.0	41114.3
5919.5	41006.3
5930.75	40967.6
5936.0	40444.2
5946.75	40378.3
5971.25	40377.1
6003.5	40126.4
6049.25	40120.7
6062.75	39926.8
6066.5	39904.6
6084.75	39844.9
6102.75	39810.9
