3705.67	32566.8
3710.25	32563.3
3710.33	32418.3
3710.75	32268.6
3713.92	32260.4
3728.42	32010.6
3728.67	31920.0
3740.25	31919.7
3748.25	31648.3
3768.83	31249.4
3781.5	31190.5
3807.08	31187.0
3807.17	31162.7
3811.0	31105.7
3816.33	30754.6
3866.58	30737.2
3867.25	30435.5
3883.58	30119.0
3939.17	30110.9
3944.25	30062.8
3946.5	30029.8
3957.33	29781.1
3958.58	29741.5
3960.33	29717.3
3979.83	29428.3
3983.75	29040.4
4005.33	28969.8
4011.92	28904.0
4024.25	28639.9
4071.83	28561.8
4074.33	28311.6
4081.0	28301.0
4084.92	28109.5
4112.83	28089.9
4117.25	27758.2
4147.75	27560.4
4177.25	27539.5
4192.17	27296.2
4201.92	27283.0
4206.42	26991.6
4225.0	26871.8
4225.33	26623.4
4269.67	26456.5
4292.42	26374.1
4292.5	26199.8
4304.25	26186.0
4305.75	26167.1
4309.08	25885.4
4316.92	25869.1
4345.08	25366.5
4409.58	25053.3
4444.42	24901.0
4479.75	24900.3
4485.17	24566.8
4488.42	24428.0
4505.67	24343.5
4525.67	24334.8
4534.5	23544.7
4602.0	23258.1
4635.33	23156.0
4660.83	22865.6
4689.58	22790.5
4703.92	22773.4
4718.5	22167.6
4721.0	22105.0
4758.25	22102.4
4764.75	21961.3
4786.5	21843.0
4802.5	21547.0
4847.75	21343.9
4856.0	21162.2
4868.5	21097.5
4909.5	20902.5
4924.75	20861.9
4933.75	20346.4
4956.75	20230.8
4983.75	20141.7
5008.25	20076.2
5028.5	20060.4
5044.25	20042.2
