2374.33	26138.6
2374.58	25994.0
2377.0	25951.2
2378.17	25780.8
2407.0	25775.7
2407.75	25737.6
2415.42	25485.9
2417.0	25452.5
2430.67	25438.6
2433.42	25426.1
2437.08	25373.7
2437.92	25328.6
2438.0	25160.3
2442.25	25045.1
2452.08	25000.4
2462.42	24745.9
2469.42	24700.1
2475.5	24414.4
2488.17	24394.7
2501.67	24385.8
2507.75	24356.8
2517.75	24152.3
2522.33	24107.1
2524.5	24074.0
2534.58	23968.3
2535.0	23908.8
2546.42	23829.8
2548.83	23820.4
2550.17	23756.2
2560.67	23501.8
2569.17	23088.7
2581.67	23088.0
2583.58	23076.8
2614.58	22987.0
2668.33	22731.8
2679.5	22672.1
2680.25	22605.7
2688.83	22563.6
2693.5	22456.8
2701.25	22088.4
2716.92	22086.0
2724.33	21935.8
2734.25	21705.5
2745.33	21685.1
2763.92	21640.7
2766.67	21493.7
2778.5	21448.2
2794.83	21399.4
2801.92	21390.2
2814.08	21383.0
2817.25	21347.4
2828.25	21213.5
2857.25	20618.8
2881.83	20383.6
2883.58	20324.1
2913.42	20243.7
2934.92	20228.5
2939.42	20092.8
2948.42	20064.5
2975.67	19601.1
2988.0	19544.2
2998.67	19342.4
3005.58	19325.6
3018.92	19043.7
3046.92	19003.1
3060.17	18975.4
3068.67	18943.0
3082.92	18839.4
3090.5	18429.4
3109.75	18401.8
3110.75	18381.3
3154.5	18295.9
3160.75	18199.8
3185.75	18151.9
3187.0	18041.8
3218.5	17799.3
3241.0	17513.6
3244.5	17371.7
3300.0	17128.5
3308.0	17085.5
3315.5	17067.3
3316.5	17016.9
3320.75	16995.1
3326.25	16974.6
3333.25	16955.6
3339.75	16936.2
