7367.0	31409.6
7378.25	31249.9
7384.17	31239.4
7393.75	31174.9
7416.92	31157.9
7418.75	31120.6
7421.67	31002.6
7429.0	30872.8
7458.75	30863.2
7463.58	30849.5
7463.83	30657.9
7520.92	30645.3
7525.17	30632.9
7528.92	29912.8
7543.5	29897.3
7623.83	29782.3
7637.0	29687.5
7665.42	29623.8
7682.75	29400.4
7720.75	29125.4
7738.83	29117.7
7742.92	28721.0
7799.25	28600.2
7884.0	28399.6
7896.5	28110.8
7917.92	27930.7
7962.42	27929.2
7966.67	27134.3
8066.08	27102.5
8083.33	27008.4
8135.75	26608.0
8144.08	26672.0
8184.0	26575.1
8188.08	26446.8
8201.75	26213.2
8260.92	25801.8
8266.75	25660.7
8351.25	25578.5
8363.75	25232.8
8388.0	25047.9
8503.42	25018.9
8515.25	25001.4
8520.0	24758.4
8524.5	24591.7
8562.42	24318.2
8632.58	23619.8
8782.92	23542.4
8784.58	23406.4
8826.58	23267.2
8837.0	22796.8
8879.5	22713.4
8927.0	22661.9
8927.5	22510.9
8931.17	22488.1
8951.0	22114.8
9009.0	21324.2
9139.25	21245.3
9145.5	21152.7
9170.0	21042.3
9172.75	20540.1
9232.0	20531.5
9260.0	20468.4
9356.5	19967.8
9385.25	19950.6
9439.5	19668.6
9474.0	19552.2
9506.5	19279.2
