10190.5	129981.0
10207.2	129447.0
10218.1	129322.0
10219.5	129259.0
10257.7	128682.0
10257.8	127873.0
10260.2	127753.0
10261.8	127229.0
10297.6	127077.0
10310.7	126743.0
10326.4	126274.0
10346.3	125913.0
10377.7	125737.0
10389.6	125212.0
10402.3	124597.0
10408.2	124325.0
10424.3	124197.0
10435.5	124192.0
10441.2	124113.0
10467.8	123576.0
10485.6	122294.0
10526.1	122092.0
10529.6	120686.0
10585.6	120527.0
10591.7	120381.0
10598.1	120279.0
10606.8	120278.0
10632.4	119633.0
10640.3	119214.0
10653.2	118557.0
10710.2	118174.0
10740.2	118099.0
10746.5	118044.0
10756.6	117953.0
10757.4	117581.0
10767.5	117463.0
10778.3	117375.0
10781.2	117212.0
10811.2	116253.0
10831.1	116134.0
10841.2	115782.0
10849.7	115672.0
10860.6	115645.0
10866.0	115598.0
10901.0	115130.0
10901.6	113919.0
10963.9	113709.0
10996.6	112693.0
11011.4	112410.0
11029.7	112164.0
11033.4	112033.0
11062.5	111773.0
11064.9	111015.0
11068.3	110095.0
11091.8	110029.0
11097.5	109865.0
11146.4	109639.0
11154.5	108973.0
11182.0	108597.0
11193.5	108422.0
11249.3	107741.0
11261.7	107420.0
11288.9	107191.0
11324.6	106979.0
11325.6	106849.0
11342.8	104585.0
11453.5	103513.0
11512.2	102631.0
11575.6	101464.0
11599.8	101111.0
11670.2	100721.0
11678.6	100167.0
11710.1	100071.0
11726.8	99780.2
11732.2	99675.8
11735.6	99165.2
11760.4	98709.9
11766.7	98697.3
11792.2	98321.8
11803.9	97669.3
11843.0	97617.5
11870.3	96076.6
11887.8	95743.5
11894.3	95546.9
11947.2	94194.2
12017.9	93885.8
12058.1	93685.7
12067.3	93469.8
12082.2	93093.3
12126.1	93064.2
12137.9	92064.0
12164.0	92041.0
12170.7	91998.6
12184.2	91403.4
12214.3	90861.4
12241.2	90050.8
12279.8	89785.5
12281.5	89442.9
12294.8	88952.7
12324.8	88564.1
12350.2	88546.0
12380.2	88136.6
12430.8	87340.5
12454.2	87091.5
12469.0	86740.9
12474.0	86331.4
12545.8	86125.9
12562.8	85557.8
12608.8	85273.1
12653.0	85269.5
12685.5	84872.1
12694.8	84615.7
12742.8	83980.1
12754.0	83197.0
12799.5	83142.8
12817.0	82909.3
12837.5	82550.0
12841.0	81991.0
12878.2	81225.0
