4588.25	31247.7
4589.5	31237.1
4613.58	30857.9
4641.75	30641.9
4641.83	30635.5
4653.33	30441.6
4689.75	30027.4
4698.67	30006.7
4774.58	29950.9
4794.5	29760.5
4796.17	29628.9
4800.83	29503.0
4808.0	29497.4
4811.0	29488.1
4822.25	29002.5
4839.25	28919.4
4858.25	28835.5
4879.58	27724.8
4920.08	27372.4
4959.5	27257.4
4984.25	26837.3
5012.58	26055.5
5151.83	25691.8
5171.58	25378.5
5187.58	25331.4
5217.67	25162.8
5220.17	25147.2
5224.67	25132.7
5254.08	25053.6
5274.58	24453.1
5298.83	24206.7
5349.75	24068.8
5356.42	24017.0
5372.25	23966.5
5372.92	23483.5
5399.5	23235.7
5445.25	23213.1
5475.75	23160.2
5496.75	23131.8
5502.5	22155.8
5510.33	22062.6
5536.08	22051.2
5537.5	21927.5
5550.67	21545.4
5576.0	21324.9
5656.75	21157.8
5664.75	21095.7
5684.5	21038.6
5686.25	20858.9
5703.75	20776.0
5746.75	20328.7
5802.75	20259.1
5828.75	19778.0
5896.75	19582.6
5924.25	19570.6
5941.5	19501.6
5980.0	19494.8
