5658.17	64702.2
5686.0	64533.4
5727.33	64477.6
5727.58	64067.1
5744.17	64066.9
5762.08	63999.8
5763.33	63344.9
5768.17	63343.9
5778.17	62976.4
5782.0	62947.6
5789.17	62939.8
5803.67	62893.0
5805.17	62290.6
5807.92	61972.0
5825.83	61923.6
5826.0	61105.2
5831.33	61089.4
5885.75	60927.6
5886.17	60477.8
5887.0	60277.5
5901.75	60151.1
5905.83	59615.2
5912.0	59535.3
5929.33	59244.2
5987.75	58661.3
6010.25	58593.1
6022.67	58125.1
6060.5	57344.6
6079.58	57240.2
6097.83	56586.4
6163.5	56336.1
6173.0	56317.2
6184.5	55482.4
6199.33	55201.1
6217.08	54897.2
6241.42	54852.1
6250.92	54551.7
6276.17	53131.4
6295.33	52460.5
6401.5	52295.2
6403.42	51408.5
6437.92	51240.3
6452.0	50621.8
6454.83	50052.4
6543.42	49197.0
6585.92	48474.6
6588.17	48453.8
6636.25	48363.9
6652.17	48333.9
6669.08	48241.7
6672.25	48096.3
6685.58	48090.0
6701.17	47368.3
6750.58	46989.2
6764.5	46543.4
6797.5	46291.6
6815.42	46162.0
6815.5	45382.2
6829.5	45353.6
6840.83	45157.4
6866.0	45081.3
6890.25	44928.3
6903.5	44663.5
6920.0	44628.9
6966.25	44321.8
6970.0	44303.8
6970.25	44038.6
6979.0	43755.2
7010.75	43741.8
7018.5	43590.0
7022.75	42650.8
7118.25	42600.1
7138.75	42000.6
7186.5	41694.7
7190.75	41493.7
7211.25	41231.2
7220.75	41214.7
7227.75	41143.8
7232.0	40992.1
