7456.83	32777.0
7457.58	32773.0
7536.08	32770.8
7554.0	32693.1
7555.67	32688.4
7598.83	32555.1
7636.25	32307.4
7664.92	32143.9
7669.92	32133.7
7691.5	31989.5
7724.0	31980.3
7731.83	31705.8
7758.17	31698.8
7791.75	31630.6
7820.58	31503.0
7840.67	30966.2
7850.92	30904.4
7951.0	30699.5
7952.08	30250.0
8060.92	30164.7
8062.75	30111.5
8094.08	29646.7
8142.25	29475.4
8152.83	29354.0
8170.5	29023.2
8244.67	28514.5
8250.58	28295.8
8299.67	27924.9
8438.25	27809.0
8491.33	27321.2
8518.0	27210.8
8597.92	26744.5
8693.42	26218.2
8715.33	26145.9
8771.75	25835.9
8779.92	25604.9
8798.08	25324.5
8915.0	25024.1
8986.08	24917.5
9025.75	24843.6
9025.83	24820.9
9034.92	24611.4
9036.58	24142.3
9040.67	23916.3
9080.08	23878.1
9105.33	23605.2
9150.75	23394.3
9230.17	23114.5
9236.42	22940.7
9237.33	22915.8
9257.42	22878.3
9290.75	22636.3
9327.25	22280.3
9441.0	22199.8
9454.25	22181.3
9457.75	22006.6
9479.75	21743.2
9537.25	21689.4
9597.5	21519.1
9601.25	21473.1
9603.25	21379.1
9617.5	20999.6
9706.75	20426.1
9766.0	20390.0
9823.75	20277.1
9858.0	20208.5
9960.0	20208.2
9964.75	20079.5
