5686.67	64797.8
5708.5	64384.8
5737.75	64283.6
5751.5	64283.0
5776.5	62248.6
5844.58	61929.4
5859.92	61904.5
5877.83	61228.4
5888.42	61022.0
5915.33	60614.3
5929.92	60608.4
5950.75	60055.9
5961.0	60055.4
5971.17	59800.3
5992.42	58952.3
6028.75	58010.1
6058.0	57947.9
6062.92	57463.2
6125.67	57462.9
6130.17	57373.7
6133.33	56105.5
6145.92	56103.7
6198.33	55646.2
6252.92	55555.7
6266.83	54809.2
6275.42	54340.7
6296.0	54298.3
6310.58	54085.3
6312.75	54039.4
6344.17	53412.4
6356.17	53175.3
6372.08	52698.5
6395.58	52661.5
6400.08	52384.6
6402.5	52247.2
6428.08	52203.5
6438.75	52096.9
6471.08	51817.9
6478.25	51170.7
6489.33	51160.6
6496.17	50469.6
6549.42	49535.9
6600.25	49477.7
6603.33	49161.2
6647.58	49056.2
6655.83	48790.6
6671.08	48690.9
6691.17	48453.8
6695.0	48077.4
6729.5	46782.9
6761.83	46753.1
6814.75	45478.5
6822.5	45274.6
6901.0	45234.1
6904.75	45151.7
6930.75	44617.7
6936.5	44601.4
6952.0	44147.1
6962.25	44020.6
6992.0	43262.8
7065.5	43146.8
7091.75	43125.2
7119.25	43105.0
7124.25	42845.1
7131.5	42337.3
7139.5	42071.3
7150.75	41780.7
7216.0	41591.3
7257.0	41349.6
7305.75	41294.4
7329.0	41187.7
