2302.75	13772.8
2305.75	13769.6
2308.92	13736.2
2311.5	13661.3
2313.92	13642.8
2347.08	13549.8
2349.83	13536.1
2354.67	13490.5
2357.33	13434.8
2361.42	13427.5
2362.75	13401.7
2363.5	13386.4
2369.67	13379.9
2372.58	13371.8
2373.83	13362.8
2377.58	13274.2
2382.75	12682.1
2392.58	12622.8
2416.83	12490.9
2466.25	12476.0
2469.25	12144.3
2507.08	11971.6
2536.42	11672.2
2562.33	11368.5
2580.0	11324.1
2628.0	11290.7
2631.33	11197.3
2654.5	10809.3
2671.75	10762.8
2672.5	10741.5
2678.58	10392.3
2769.5	10157.4
2772.75	10135.5
2772.92	10115.7
2791.0	10008.9
2807.33	9837.02
2842.25	9628.24
2851.5	9590.08
2860.5	9389.86
2929.75	9265.67
2932.25	8832.49
2981.25	8831.52
3060.0	8768.0
