5811.17	68025.2
5827.75	68021.1
5830.42	67986.6
5848.42	67653.7
5870.92	66851.8
5883.75	66804.3
5897.83	66037.9
5934.33	65916.0
5956.42	65490.0
5961.42	65023.0
5972.67	64982.4
5989.58	63610.6
6030.0	63434.3
6054.42	61630.7
6085.75	61536.7
6190.0	61048.9
6198.17	60413.0
6220.33	60049.8
6230.42	59418.1
6264.42	59217.3
6301.83	59196.9
6312.67	59109.7
6321.42	58768.2
6323.25	58248.2
6323.83	58212.7
6331.92	58130.3
6352.42	57505.0
6385.08	56980.5
6441.83	55614.7
6479.42	54895.3
6539.83	54409.8
6599.25	53638.4
6640.67	53366.4
6654.5	53088.7
6660.75	53073.0
6693.67	52655.2
6705.67	52645.0
6726.58	52485.9
6730.25	52214.7
6758.83	52205.0
6759.67	52186.7
6760.58	52032.0
6776.08	51759.0
6790.08	51242.3
6817.0	51222.7
6824.75	50657.8
6841.33	50634.5
6863.17	49718.5
6878.42	49713.2
6911.58	48517.1
7007.08	48279.8
7025.0	47371.7
7040.25	47300.8
7046.0	47070.8
7074.75	47056.0
7075.75	47013.4
7085.5	46760.1
7125.0	46510.6
7130.0	45785.8
7245.0	44606.2
7325.5	44587.7
7334.5	44197.7
7362.0	44074.0
7383.25	43944.1
7396.25	43906.7
7421.25	43420.1
7452.5	43245.3
