10046.0	130062.0
10095.1	129370.0
10108.8	129103.0
10172.5	128029.0
10230.5	127605.0
10232.8	127088.0
10236.8	126911.0
10265.4	126751.0
10280.6	126492.0
10299.4	126177.0
10311.7	124903.0
10364.6	124416.0
10395.2	123879.0
10442.2	121809.0
10522.9	121640.0
10542.1	121449.0
10550.3	121355.0
10553.7	121317.0
10562.3	121146.0
10573.2	120753.0
10582.7	120454.0
10612.7	120107.0
10621.8	119714.0
10661.4	119122.0
10666.3	118270.0
10675.8	117929.0
10679.3	117905.0
10719.8	115991.0
10781.8	115873.0
10803.0	115743.0
10809.6	114554.0
10824.7	114329.0
10907.7	114167.0
10907.8	113642.0
10918.4	111728.0
11002.3	111030.0
11096.1	109654.0
11114.6	108573.0
11151.9	108536.0
11177.7	107884.0
11198.2	107511.0
11225.1	107346.0
11239.8	107070.0
11251.4	106733.0
11283.6	106411.0
11291.2	104623.0
11385.3	104465.0
11404.3	102207.0
11447.2	102146.0
11458.9	101916.0
11507.7	101857.0
11535.8	101704.0
11576.3	101659.0
11588.2	100726.0
11626.6	100139.0
11644.0	99346.3
11666.3	98572.4
11714.6	97965.9
11770.2	97344.5
11791.5	97229.4
11812.3	95980.0
11839.2	95702.7
11842.8	95401.2
11884.0	93946.1
11914.8	93875.8
11931.3	93647.1
11983.0	93458.6
11991.0	93176.4
11992.3	92558.7
11998.1	91839.8
12045.8	90414.3
12097.5	89344.2
12205.8	88144.0
12275.5	88081.5
12276.8	88038.6
12283.5	87824.9
12289.2	86227.0
12371.2	86054.1
12421.0	85494.1
12478.5	85266.8
12504.0	85125.1
12520.0	84223.9
12555.0	82361.3
12703.0	82049.1
12735.2	81900.5
12738.8	81748.1
12740.2	81671.6
12764.2	81513.7
12784.8	81482.2
