8685.92	64550.7
8776.58	64511.0
8787.08	64470.2
8820.92	64157.4
8863.08	61401.2
9031.67	60509.7
9092.58	60468.4
9104.92	60302.9
9109.17	59674.2
9171.08	58828.1
9196.25	58679.6
9222.17	58240.2
9252.67	57918.1
9321.08	57844.0
9343.67	57840.6
9362.67	57721.7
9371.08	56657.5
9420.58	56335.5
9491.83	56087.9
9513.33	55691.3
9523.25	55126.9
9563.42	55117.6
9583.08	54723.0
9603.5	54679.7
9618.83	54603.5
9652.08	54459.3
9656.42	52710.2
9734.92	51554.2
9840.17	49993.1
9966.83	49992.1
10009.1	49629.3
10077.9	49212.3
10135.4	48083.0
10188.7	47973.7
10272.9	47950.4
10274.0	46864.5
10328.7	46110.3
10368.2	46007.2
10404.9	45513.9
10424.7	45261.4
10448.0	44932.3
10492.8	44771.5
10531.7	44185.5
10560.2	44149.1
10561.5	44048.5
10572.2	44010.8
10588.2	43745.6
10633.8	43502.8
10650.0	43444.8
10672.8	43434.1
10688.5	43397.9
10706.5	43252.6
10713.2	43189.0
10729.8	42722.6
10748.0	42266.6
10800.5	42031.9
10829.2	41831.3
10854.2	41430.9
10864.8	41114.4
10953.2	40298.4
11010.8	40067.8
