4003.67	16451.2
4031.0	16146.3
4031.08	16123.8
4062.0	15714.0
4089.83	15710.6
4090.0	15607.2
4094.67	15484.4
4190.33	15439.3
4194.0	15428.4
4211.17	15352.2
4225.25	15279.0
4240.42	15067.9
4277.83	14663.9
4350.58	14583.3
4377.67	14478.4
4382.17	14146.1
4401.0	14101.2
4403.5	13980.6
4463.42	13737.9
4520.0	13671.5
4553.0	13646.7
4586.33	13416.7
4596.17	13221.5
4617.33	13140.0
4644.0	12774.5
4680.08	12541.6
4693.08	12523.1
4737.08	12494.0
4737.92	12208.2
4779.42	12114.1
4782.0	11933.8
4802.0	11415.5
4903.0	11390.9
4930.25	11372.7
4960.5	11222.3
4966.0	10918.6
5018.25	10600.1
5022.75	10528.0
5129.75	10505.4
5133.0	10481.5
5155.75	10286.4
5227.5	10226.6
5232.75	10176.0
5242.0	10126.3
