5676.5	65246.3
5703.33	63862.1
5759.75	63660.4
5786.67	63167.2
5853.42	62702.6
5858.42	62656.1
5859.83	62633.9
5868.08	62587.0
5868.25	62503.3
5868.58	62427.2
5871.0	62139.2
5882.17	61868.5
5886.67	60746.0
5910.25	59607.0
5990.92	59382.2
5997.5	59307.9
6013.92	59083.8
6077.17	58502.3
6078.42	58232.0
6081.5	58222.5
6103.0	57985.5
6103.92	57879.3
6108.33	57793.7
6126.75	57590.6
6131.75	56306.3
6158.08	56050.0
6229.33	55802.3
6235.83	55759.4
6236.5	55017.4
6248.0	55011.1
6248.33	54993.6
6288.42	54904.1
6293.08	54162.7
6311.5	53953.6
6331.17	53882.1
6341.67	53591.7
6362.08	53467.7
6364.25	52948.2
6408.0	51957.4
6428.33	51604.0
6534.92	49846.9
6604.83	49814.7
6609.0	49653.1
6612.17	49216.3
6613.25	48508.8
6660.08	47864.2
6713.67	47468.1
6752.5	46901.2
6786.42	46873.7
6811.42	45751.3
6867.25	45656.8
6907.0	45646.4
6921.75	45114.2
6933.75	43681.1
7025.0	43659.0
7053.0	43595.6
7057.5	43531.6
7069.25	43219.5
7084.0	43117.4
7095.5	43105.5
7126.25	42538.3
7138.75	42428.7
7139.0	42132.6
7208.25	41593.4
7256.25	41305.9
7362.0	41255.8
