3913.17	15903.0
3913.75	15893.3
3946.17	15521.5
3985.5	15146.5
4035.08	15019.4
4110.58	14936.9
4114.83	14505.4
4154.0	14381.4
4181.25	13984.2
4227.08	13652.7
4260.0	13593.3
4308.5	13516.3
4312.75	13499.5
4313.08	13484.4
4327.75	13356.9
4398.25	13039.2
4415.83	12935.6
4465.42	12928.4
4474.92	12547.8
4528.25	12543.3
4561.0	12361.9
4582.75	12146.6
4598.92	12128.7
4621.42	12115.7
4624.83	11933.7
4642.42	11899.7
4695.25	11457.3
4759.75	11453.2
4759.92	11429.2
4772.25	11384.2
4781.5	11158.7
4793.5	10857.8
4808.75	10681.5
4870.0	10653.3
4925.5	10417.3
4940.25	10397.6
4958.25	10378.7
4976.0	10335.4
4996.25	10268.3
5010.5	10174.4
5017.75	9927.93
5095.5	9870.98
5097.5	9820.29
5186.5	9816.81
