4552.42	31126.4
4586.08	31056.1
4617.5	31044.0
4642.58	30933.2
4671.67	30881.7
4690.58	30529.5
4715.0	30473.5
4730.33	30458.4
4740.42	30381.1
4740.92	29700.7
4748.25	29641.0
4801.17	29404.6
4802.75	28936.0
4868.5	28835.3
4902.42	28686.8
4917.42	28014.9
4975.75	27671.6
4982.08	27597.3
5008.17	27370.9
5028.67	27105.7
5036.58	27092.6
5060.42	26867.3
5072.17	26454.5
5105.33	26350.2
5106.58	26304.4
5123.17	26189.2
5147.17	25868.8
5158.75	25842.6
5170.58	25781.3
5176.67	25713.6
5178.92	25627.1
5180.67	25569.9
5204.75	25487.9
5213.83	25167.9
5222.42	24786.4
5268.75	24719.6
5273.17	24621.6
5303.75	24468.6
5309.42	24361.2
5343.92	23464.3
5466.08	23305.0
5470.42	22992.8
5473.58	22888.8
5496.33	22806.4
5503.75	22726.8
5507.92	22708.9
5508.25	22685.3
5530.42	22237.6
5539.08	22100.0
5550.67	22043.6
5575.0	21891.3
5587.5	21802.2
5609.42	21721.5
5628.17	21575.0
5628.5	21319.7
5631.25	21088.8
5649.0	21031.3
5649.25	21009.1
5670.75	20818.5
5718.0	20774.2
5741.5	20360.9
5755.25	20148.4
5792.25	20067.9
5806.0	19797.8
5835.0	19709.4
5900.5	19664.5
5950.0	19663.2
5964.75	19644.6
