8512.33	63304.4
8514.33	63303.3
8604.75	62908.3
8620.33	62901.4
8636.17	62742.9
8656.67	62245.4
8692.92	62160.5
8698.58	61492.4
8763.92	61208.7
8765.92	61043.1
8787.67	60542.2
8796.92	60538.9
8853.25	60424.9
8861.25	59929.9
8863.17	59120.6
8954.92	58774.4
8973.92	58232.4
9036.25	57976.0
9086.92	57805.6
9113.5	57792.5
9124.0	57425.9
9148.67	57192.6
9150.83	57072.4
9170.42	56791.4
9170.75	56779.5
9176.08	56770.1
9180.5	56570.5
9206.25	56433.6
9226.33	56285.2
9254.33	56206.8
9261.08	55927.7
9288.83	55358.2
9336.0	55095.7
9350.5	55086.4
9379.25	55034.7
9382.67	54583.2
9413.0	53281.0
9452.92	53089.2
9537.83	52467.3
9589.67	52340.6
9604.08	52274.5
9634.0	52270.3
9650.0	52060.3
9651.67	51714.1
9658.92	51582.4
9680.67	51391.5
9684.75	50753.2
9742.67	50650.1
9757.33	50514.6
9773.83	50267.9
9779.0	50218.6
9823.0	49372.9
9866.67	49266.4
9877.83	49108.7
9890.58	48338.6
9918.58	47590.4
9993.42	47129.1
10043.4	47115.3
10058.0	46601.6
10120.8	46202.0
10196.7	46196.5
10226.4	46067.9
10237.2	46049.6
10242.1	45828.6
10264.3	45718.4
10266.1	45570.2
10267.8	44809.0
10300.8	44804.8
10314.8	44626.9
10317.5	44603.7
10349.2	44250.2
10352.0	44184.8
10372.1	43944.8
10392.8	42930.8
10427.0	42820.1
10452.0	42493.9
10490.0	41839.3
10501.5	41776.3
10548.5	41590.8
10578.5	41229.7
10634.8	41114.5
10678.2	40869.8
10758.8	40466.2
10771.0	40447.3
10814.5	40193.5
10827.0	40174.5
10828.5	40150.1
10838.2	39901.9
10885.2	39745.6
10888.5	39464.2
10894.8	39441.4
10915.0	39347.5
10927.5	39327.8
10935.2	39175.7
