8928.17	67813.7
8930.17	67808.5
8995.25	67678.7
9000.08	67442.3
9011.58	67017.7
9076.67	66795.1
9082.17	66785.1
9087.67	66773.9
9094.33	66770.3
9109.42	66691.8
9113.58	66460.3
9122.5	65854.1
9224.33	65460.0
9262.41	63701.1
9312.75	63233.5
9330.92	63231.9
9364.58	62886.9
9374.67	62878.8
9438.92	62818.7
9446.17	62788.5
9462.5	62230.8
9490.33	61957.9
9515.08	61809.0
9539.08	61688.3
9542.17	61574.1
9552.5	61445.3
9565.42	61221.3
9568.17	60556.5
9652.0	59968.3
9671.08	59795.6
9684.0	59576.9
9692.25	58974.5
9768.5	58637.2
9775.0	58116.3
9817.33	58107.5
9863.58	57871.9
9894.17	57599.1
9899.83	57379.8
9926.5	57291.6
9963.67	55625.2
10044.9	55508.8
10090.1	55379.9
10103.3	55209.3
10113.2	55154.6
10136.5	54070.2
10209.5	53917.4
10246.3	53807.8
10291.6	53008.2
10318.6	52627.9
10336.4	52615.1
10362.0	52474.7
10364.9	52303.8
10405.3	52045.2
10414.2	51280.3
10463.1	50810.3
10483.6	50158.6
10521.3	49427.2
10588.0	49413.0
10668.9	48239.7
10747.2	47797.6
10770.1	47292.2
10816.4	47219.0
10823.5	47180.0
10842.3	47146.9
10891.0	45850.4
11027.2	45807.2
11075.5	45379.9
11102.8	45022.8
11125.2	44393.8
11178.5	44324.4
11193.0	44307.5
11222.0	43667.1
11231.5	43598.6
11289.8	43504.3
11310.0	42817.0
11339.2	42781.2
11355.8	42510.7
11435.5	42345.5
11453.2	42019.2
11646.0	42011.6
