10155.0	130102.0
10217.5	129581.0
10232.3	128513.0
10233.5	128484.0
10233.5	128490.0
10272.0	127743.0
10289.4	126371.0
10385.5	126262.0
10407.3	126213.0
10417.7	125706.0
10432.3	125399.0
10454.1	124963.0
10454.8	124522.0
10496.1	124210.0
10497.2	123165.0
10500.5	123159.0
10504.0	123087.0
10553.7	122687.0
10591.7	119414.0
10695.5	119414.0
10754.8	118419.0
10757.7	118394.0
10779.4	118373.0
10786.9	117556.0
10800.2	117074.0
10843.0	116276.0
10853.4	115787.0
10868.0	115749.0
10914.8	115205.0
10923.6	115198.0
10944.8	114150.0
11022.6	113390.0
11028.2	113346.0
11033.2	113231.0
11059.9	112748.0
11065.8	112414.0
11080.4	111785.0
11106.2	111646.0
11135.5	111136.0
11150.8	110628.0
11182.2	110251.0
11187.1	109121.0
11260.3	107503.0
11333.7	107493.0
11356.9	107351.0
11380.4	106816.0
11399.2	106801.0
11403.2	105877.0
11438.5	105506.0
11490.8	103648.0
11491.1	103134.0
11510.8	102809.0
11553.9	102688.0
11594.6	101985.0
11648.9	101635.0
11677.1	101003.0
11683.2	100991.0
11691.2	100661.0
11705.8	100654.0
11707.0	100633.0
11770.2	99126.6
11789.0	98334.7
11852.4	98030.2
11869.3	97840.2
11900.1	96924.1
11951.2	96627.4
11960.2	96259.5
11966.0	95630.1
12003.3	95222.8
12004.9	95204.2
12010.1	94747.6
12012.0	94292.9
12051.6	94138.2
12099.3	93617.8
12113.5	92918.4
12115.2	92807.5
12155.7	92187.8
12183.1	91117.0
12199.3	91112.0
12217.2	91053.9
12242.7	91003.4
12265.8	90320.1
12302.0	89802.5
12312.8	89131.2
12320.0	89026.9
12336.0	88730.0
12422.0	88567.7
12425.2	88435.5
12462.8	85730.4
12615.2	85643.0
12619.2	85453.8
12660.0	84614.4
12708.8	84515.1
12725.5	83081.5
12743.0	83048.6
12778.2	83008.2
12812.0	82352.7
12868.8	81763.4
