10084.9	128698.0
10119.1	127490.0
10151.4	126601.0
10172.7	126555.0
10194.1	126461.0
10213.6	124960.0
10233.5	124738.0
10261.6	124532.0
10340.7	123284.0
10360.8	123002.0
10384.3	122648.0
10391.2	121170.0
10429.1	120586.0
10455.0	119854.0
10488.9	119703.0
10493.5	119697.0
10512.5	119434.0
10531.5	118501.0
10540.6	118471.0
10578.8	118285.0
10634.9	118006.0
10635.4	116919.0
10684.4	115768.0
10698.0	115368.0
10728.7	115128.0
10782.7	114097.0
10810.0	113565.0
10811.8	113551.0
10834.5	112627.0
10863.8	112574.0
10889.7	112196.0
10931.5	111426.0
10960.9	110854.0
10978.8	110797.0
10988.3	110605.0
10989.0	110184.0
11000.5	109472.0
11008.9	109349.0
11033.3	108918.0
11100.5	108264.0
11139.2	107897.0
11139.6	106983.0
11146.7	106722.0
11193.1	106618.0
11212.9	106257.0
11243.9	105883.0
11245.7	105814.0
11251.2	105637.0
11258.7	105335.0
11279.0	104268.0
11333.4	103051.0
11336.4	103034.0
11390.7	102864.0
11407.0	101475.0
11417.7	101465.0
11422.4	101448.0
11436.4	101277.0
11440.7	100544.0
11442.8	100256.0
11564.9	100052.0
11575.7	99805.9
11603.7	99624.6
11607.8	99591.9
11631.2	97155.4
11699.3	96535.5
11767.2	95596.8
11777.4	95067.3
11850.8	94456.0
11872.6	94256.9
11872.7	93486.2
11936.2	92139.1
11952.3	92131.0
12000.5	92033.5
12003.2	91714.0
12036.8	91498.7
12072.7	90788.8
12095.0	88614.1
12191.8	88409.5
12196.0	87405.1
12226.0	87172.6
12301.5	86582.7
12345.5	86175.2
12349.5	85700.4
12399.5	84822.2
12427.8	84449.8
12495.8	84014.1
12532.8	83882.0
12541.0	83035.3
12567.2	83012.2
12632.5	82829.7
12646.2	82267.0
12650.8	82221.1
12674.2	81736.4
12694.0	81679.8
12701.5	81636.3
12779.2	81252.1
12782.2	80995.7
12797.8	80751.4
12849.5	80751.1
