8392.83	61331.0
8469.5	61103.2
8484.83	60827.7
8553.58	60440.8
8600.5	60378.7
8609.5	60147.6
8621.25	60114.7
8623.08	59418.5
8675.75	59379.2
8687.92	59377.3
8698.67	59088.8
8731.25	58794.8
8737.17	57941.0
8751.42	57865.5
8772.67	57213.0
8782.17	56250.6
8851.5	55664.2
8987.08	55611.0
9006.17	55609.2
9016.42	55007.6
9053.92	54935.2
9077.25	54517.2
9094.92	54305.7
9162.25	54078.2
9179.5	53424.0
9193.75	53131.7
9244.33	52140.1
9324.33	52111.9
9328.33	51961.6
9334.58	51791.3
9355.58	51728.3
9357.67	51249.0
9383.0	50754.9
9445.92	50739.8
9458.25	50709.3
9460.92	50451.3
9472.92	50178.1
9498.17	49829.7
9510.42	49555.5
9555.92	49481.4
9563.33	49127.0
9587.58	49060.6
9635.42	48410.7
9640.75	47883.0
9689.08	47169.7
9741.0	47050.4
9768.67	46617.5
9804.83	46398.4
9860.42	45947.3
9866.83	45676.4
9869.58	45655.0
9885.5	44530.0
9968.67	43983.0
10076.2	43830.8
10088.3	43812.9
10089.6	43669.4
10137.1	42810.2
10186.0	41644.6
10262.5	40754.6
10374.2	40603.7
10435.2	40472.5
10473.0	40257.7
10491.5	39527.2
10497.5	39506.1
10508.5	39195.3
10527.8	39156.1
10582.0	38407.3
10773.0	38271.7
10783.0	38251.0
10808.2	38056.8
