8214.67	31743.4
8217.33	31473.9
8387.92	30864.2
8402.08	30647.2
8470.0	30203.5
8557.33	29880.8
8583.17	29866.1
8616.17	29516.2
8633.75	29388.9
8634.33	29355.0
8677.75	29075.1
8687.42	28446.5
8791.08	28354.4
8915.25	28227.8
8942.83	28136.1
8947.08	27904.0
8965.92	27690.9
9006.5	27239.5
9025.83	27230.4
9031.75	26365.3
9243.42	26089.7
9260.17	25903.3
9304.42	25692.0
9309.42	25562.0
9317.5	25474.2
9348.75	25127.2
9368.83	25098.7
9401.25	24839.8
9415.5	24823.0
9476.33	24637.9
9555.0	23668.5
9723.25	23188.2
9725.75	23143.8
9776.42	23137.3
9780.67	23119.2
9813.33	23059.2
9848.83	22767.3
9867.67	22729.1
9936.33	22726.6
9937.83	22680.5
9954.75	21202.3
10127.8	21202.0
10128.5	21049.2
10135.5	20828.6
10201.0	20212.6
10341.2	19590.6
