5257.92	32059.8
5269.33	31966.6
5320.25	31880.6
5334.5	31816.7
5340.58	31588.1
5363.08	31581.6
5366.58	31147.7
5382.33	30962.5
5404.33	30469.9
5473.17	29966.9
5493.17	29891.4
5540.75	29874.2
5562.83	29207.6
5565.83	28104.5
5651.58	28099.4
5657.08	27718.4
5712.17	27583.8
5768.42	27264.9
5772.67	26402.6
5846.08	26104.2
5883.83	26064.2
5908.83	25805.9
5917.42	25634.0
5923.67	25178.9
5966.92	25063.2
6007.08	24891.0
6022.92	24826.4
6024.5	24751.4
6054.92	24708.5
6057.5	23823.5
6124.92	23765.2
6178.0	22968.3
6183.33	22861.0
6205.75	22847.9
6242.75	22679.2
6256.58	22399.0
6259.92	22379.6
6285.25	22225.3
6290.0	21584.4
6341.75	21126.8
6360.5	21089.4
6383.25	20790.2
6460.5	20755.1
6480.5	20715.8
6495.0	20599.6
6496.0	20575.2
6563.75	20304.8
6594.75	20165.2
