11516.6	132772.0
11558.5	131760.0
11598.7	129896.0
11722.3	129251.0
11725.5	127655.0
11805.8	127389.0
11834.1	126928.0
11897.5	126532.0
11901.7	124377.0
11955.8	123671.0
11979.8	123524.0
12013.1	122869.0
12029.7	122641.0
12043.7	122396.0
12056.3	120748.0
12160.4	120478.0
12164.5	120469.0
12187.0	120240.0
12192.0	118498.0
12239.3	118398.0
12284.8	117781.0
12325.1	117349.0
12339.0	117196.0
12341.1	117114.0
12364.0	117104.0
12374.4	117032.0
12378.2	115890.0
12408.9	115801.0
12415.1	114887.0
12475.4	114578.0
12480.1	113969.0
12506.6	113458.0
12520.7	112871.0
12540.5	112591.0
12588.2	112273.0
12622.3	112165.0
12641.3	111146.0
12650.2	110876.0
12653.4	110724.0
12660.9	110576.0
12713.0	110524.0
12723.0	110385.0
12770.3	108616.0
12843.6	107966.0
12850.7	107955.0
12881.9	107779.0
12890.2	106092.0
12947.7	103991.0
13040.9	103777.0
13066.3	103562.0
13089.4	103128.0
13115.5	103066.0
13136.5	102490.0
13144.2	102430.0
13187.6	102057.0
13199.4	100617.0
13212.3	100607.0
13214.4	99887.4
13218.7	99871.9
13246.4	98182.3
13295.0	97370.2
13424.3	95937.8
13516.2	95790.1
13536.5	95638.7
13547.0	94798.2
13588.8	94564.9
13592.9	93947.9
13616.5	93673.8
13630.8	93059.2
13645.2	92427.7
13669.8	91752.1
13718.8	91735.0
13748.5	91477.3
13787.0	89860.5
13788.0	89282.4
13843.5	88964.1
13882.0	88601.2
13893.5	86735.3
14100.0	85300.1
14251.5	85197.0
14266.2	84853.5
14270.8	84573.7
14285.5	84562.4
14334.0	84455.0
14406.2	84449.3
