8323.0	32357.6
8387.67	32170.6
8399.25	32023.7
8415.92	31640.1
8439.5	31361.6
8444.67	31354.9
8456.33	31341.8
8481.08	31302.3
8509.92	31262.8
8521.33	31152.5
8526.17	31029.2
8539.83	30603.5
8628.5	30314.1
8692.67	30309.3
8708.08	30162.3
8712.83	30153.8
8722.33	30123.2
8734.92	29795.3
8747.83	29418.4
8776.25	29353.5
8783.67	29065.1
8914.08	28868.0
8966.67	28790.8
8979.33	28683.3
8995.58	28371.4
9001.75	28066.0
9021.75	28057.3
9080.67	27546.1
9128.0	27377.7
9195.25	26857.7
9196.5	26803.0
9210.67	26251.2
9324.58	25903.8
9472.42	25656.5
9528.58	25358.7
9565.42	25032.6
9608.67	24645.3
9657.67	24331.1
9695.5	24318.3
9705.17	24156.2
9746.08	23901.8
9828.33	23271.5
9925.17	22264.9
10111.8	22191.1
10126.5	21934.1
10151.7	21915.1
10177.0	21294.9
10256.5	21223.6
10258.2	21201.2
10296.0	21187.8
10332.0	20575.5
10399.2	20343.2
10537.2	20174.3
10553.5	19919.2
