8173.67	31293.3
8191.25	31193.5
8194.25	31184.1
8216.58	31121.9
8218.25	31118.6
8240.0	31111.6
8242.83	31099.2
8252.25	30849.0
8256.25	30843.8
8262.75	30719.4
8296.42	30668.3
8311.83	30473.1
8333.58	30395.4
8347.75	30391.0
8421.58	30179.2
8427.08	30008.5
8445.5	29968.7
8469.42	29359.9
8508.0	29194.7
8541.75	29017.3
8612.08	28864.0
8666.5	28638.9
8686.42	28369.6
8721.67	28301.4
8745.25	27587.8
8772.33	27533.9
8881.0	27427.4
8884.33	27239.0
8947.08	26732.3
8985.92	26689.3
9018.92	26301.0
9053.92	26291.4
9078.83	25812.3
9079.75	25596.6
9175.33	25534.9
9231.5	25350.0
9233.75	25176.9
9287.75	24868.2
9318.25	24673.7
9348.25	24625.1
9356.92	24322.1
9370.58	23909.0
9455.67	23715.5
9486.83	23532.0
9510.42	23287.0
9598.92	23192.6
9604.83	23174.7
9621.08	22123.9
9731.83	22106.6
9753.83	22070.6
9757.25	21762.5
9764.83	21743.4
9916.58	21735.3
9954.0	21393.0
9956.25	21135.2
9964.0	20847.1
10013.5	20836.9
10030.0	20168.2
10175.5	20132.7
10179.5	19510.8
10215.5	19390.9
10402.2	19385.6
10427.0	19365.8
10507.5	19359.9
