3258.42	26833.6
3261.92	26809.9
3265.08	26695.3
3274.42	26523.9
3293.83	26236.8
3335.17	26177.6
3358.17	26152.1
3368.08	26132.6
3369.42	25740.0
3372.17	25422.5
3407.17	25313.4
3413.83	25280.6
3415.25	24041.9
3485.33	24019.8
3501.83	23886.6
3512.0	23809.3
3513.5	23741.3
3526.58	23089.3
3531.5	22670.8
3548.25	22631.8
3573.17	22504.8
3576.17	22341.2
3607.92	22025.4
3625.75	21985.9
3654.58	21841.1
3678.0	21669.7
3688.58	21638.4
3692.92	21042.4
3693.92	21005.6
3713.92	20923.9
3723.83	20843.9
3735.58	20833.2
3779.67	20465.4
3818.75	19777.8
3889.25	19242.1
3961.25	19219.4
3968.25	18547.6
3974.75	18530.4
4006.0	18490.8
4050.25	18222.7
4054.75	17673.8
