8035.17	30938.6
8104.58	30824.7
8117.25	30768.7
8169.0	30621.3
8169.17	30258.9
8272.83	29949.0
8297.5	29753.3
8338.33	29518.9
8361.75	29452.9
8365.5	29226.7
8436.83	28433.2
8500.25	28380.4
8625.17	27698.5
8652.83	27463.9
8704.92	27259.8
8764.92	26965.9
8781.42	26661.5
8839.92	26195.9
8886.33	26105.7
8913.67	25894.5
9005.08	25260.0
9032.92	25251.4
9127.83	24943.8
9145.0	24929.2
9195.67	24017.0
9336.83	23914.2
9350.83	23900.4
9364.92	23685.8
9379.75	23668.6
9418.75	23251.2
9432.67	23214.9
9468.67	23140.4
9502.25	22755.8
9508.92	22280.0
9634.0	21971.1
9635.5	21615.8
9784.83	21332.9
9804.58	21129.8
9841.58	20968.5
9899.5	20486.4
9900.75	20420.1
9905.5	20010.7
9947.75	19997.9
10020.0	19992.6
10043.5	19927.9
10068.0	19668.1
10181.2	19496.9
10186.0	19447.7
10198.8	19299.7
10227.2	19230.4
10252.8	19185.9
10277.2	19114.6
10345.5	19105.6
