9651.67	65027.3
9735.5	64845.0
9746.67	64550.7
9810.33	64482.4
9838.33	64389.0
9849.5	63877.4
9888.75	63821.1
9898.67	63818.3
9901.17	63679.5
9910.5	63509.7
9920.17	63318.8
9950.75	63097.5
9958.33	62999.9
9975.33	62595.0
9989.58	62594.0
10010.3	62060.2
10016.2	62054.2
10056.7	61955.7
10064.8	61615.9
10076.1	61041.8
10122.0	60995.0
10126.0	60750.1
10184.5	59824.3
10191.5	59801.5
10250.2	59561.0
10278.4	59448.1
10281.2	59168.4
10332.4	56856.5
10450.0	56553.0
10537.9	56287.5
10569.8	54954.3
10643.8	53816.9
10799.9	53480.8
10812.9	53123.0
10813.5	52930.1
10862.9	52884.8
10870.2	52417.9
10879.6	51755.2
10884.2	51564.3
10887.9	51263.1
10967.8	50182.1
11075.9	49952.4
11129.4	49935.7
11144.0	49726.7
11148.8	49413.0
11174.8	48855.7
11175.2	48486.4
11180.8	47913.5
11210.8	47603.4
11345.6	46721.1
11416.2	45978.1
11510.2	45804.2
11518.2	44653.4
11519.5	44098.5
11613.2	43683.6
11701.2	43593.8
11706.2	43210.9
11781.0	42593.9
11833.0	42548.2
11854.5	42199.1
11877.8	41695.7
11941.2	41301.9
11961.8	41109.5
12052.0	41027.3
12075.8	40936.8
12079.0	40783.8
12097.8	40715.2
12156.0	40692.4
12179.8	40652.3
12191.5	40632.2
