4370.75	16557.0
4372.08	16547.9
4373.58	16541.3
4388.42	16348.3
4495.33	16133.4
4499.75	15709.6
4592.58	15391.8
4594.25	15264.0
4638.25	15090.8
4664.67	14887.2
4678.42	14650.3
4688.67	14622.8
4733.92	14356.9
4783.25	14355.6
4787.58	14343.0
4797.92	14200.5
4832.83	14104.7
4839.5	14089.6
4843.0	14056.4
4874.75	13760.2
4958.5	13748.1
4975.58	13670.3
4993.17	13022.1
5044.25	12493.2
5180.83	12441.3
5212.0	12307.3
5217.25	12110.1
5227.08	11641.2
5239.75	11619.9
5281.5	11225.8
5376.25	11088.9
5418.5	11054.5
5448.75	10828.5
5468.25	10614.7
5493.25	10421.7
5580.25	10418.0
5602.0	10346.3
5613.25	10245.1
