8063.0	31628.9
8063.25	31624.8
8097.17	31473.4
8101.75	31127.1
8260.92	31008.2
8281.58	30654.1
8311.25	30566.4
8317.17	30560.1
8321.42	30359.6
8343.92	30311.4
8362.75	30251.7
8368.58	30216.7
8384.08	29762.5
8409.83	29748.9
8445.83	29506.3
8451.67	29462.9
8541.42	29453.5
8544.83	28660.4
8547.0	28593.3
8578.33	28256.5
8581.25	28009.0
8696.5	27545.6
8877.67	27531.1
8882.25	27474.2
8886.75	27409.2
8889.33	27049.8
8942.75	26930.5
8949.58	26682.9
8985.08	26307.5
8990.83	26097.4
9113.67	25923.5
9120.0	25676.6
9154.33	24916.9
9296.0	24858.3
9342.92	24817.2
9373.75	24804.0
9383.42	24559.7
9425.92	24429.9
9432.5	24218.7
9444.75	24121.4
9460.33	24084.2
9518.58	23189.8
9566.42	23049.7
9666.17	22719.3
9717.75	22233.7
9750.33	21998.5
9812.25	21478.2
9833.5	21397.4
9862.25	21149.2
9908.0	21070.6
9938.0	21032.4
9961.5	21015.5
9965.75	20970.4
10035.5	20918.5
10072.5	20765.0
10099.0	20201.7
10157.2	20168.0
10175.2	20148.1
10179.5	20027.1
10228.2	19865.8
10265.0	19674.4
10273.5	19600.1
10380.2	19471.7
10423.2	19456.4
